5 0.0 0.0 0.0 0.0 0.0 0.0 -1.4 1.0627466302
10 0.0 0.0 0.0 0.0 0.0 0.0 -1.4 1.0627466302
15 0.0 0.0 0.0 0.0 0.0 0.0 -1.4 1.0627466302
20 0.0 0.0 -0.2502 0.465226699898 -4.3999 5.46127487094 -1.4 1.0627466302
25 0.0 0.0 -1.0997 1.08036025138 -17.4498 12.6884423882 -1.45 1.1039690213
30 -1.65 3.0680417859 -2.8502 4.80509341802 -40.7499 17.4098742664 -2.8 2.7725514603
35 -6.05 10.1414138856 -7.3994 10.0140902075 -68.947 18.0403667263 -8.2502 9.87675098047
40 -15.6 16.2087378411 -19.8489 15.7411134854 -95.2514 18.0168167998 -18.6 15.147471704
45 -41.2 18.5793113328 -41.3016 18.5808790556 -125.502 18.6604029689 -40.9994 18.6634232216
50 -68.0 17.0936273506 -68.0042 17.0951499883 -152.498 17.0953360099 -68.0012 17.0929531881
55 -91.65 18.0570418508 -91.6499 18.0568146439 -176.1559 18.0520408913 -91.6489 18.0570211088
60 -121.05 18.9220972305 -121.0501 18.9204155487 -205.5492 18.9219057064 -121.0482 18.9223896829
65 -148.75 21.903493283 -148.7526 21.9017991408 -233.2471 21.9045070478 -148.7491 21.903656341
70 -177.7 23.5975371935 -177.7006 23.598315432 -262.2078 23.6008419047 -177.7002 23.5978878188
75 -207.1 26.1032708755 -207.0994 26.1045634553 -291.5965 26.1009199936 -207.1032 26.1025295229
80 -235.15 25.3257674395 -235.152 25.3234933809 -319.6547 25.3241304414 -235.1555 25.3242186125
85 -260.5 26.1151153166 -260.5049 26.1150257067 -345.0056 26.1174826648 -260.5083 26.1135107566
90 -290.1 27.0617733048 -290.0953 27.064152044 -374.64 27.0617733048 -290.1074 27.0603955604
95 -314.8 26.5578915127 -314.7942 26.5585601068 -399.34 26.5578915127 -314.81 26.5577300046
100 -341.0 23.0955874573 -340.9983 23.0947120856 -425.5 23.0955874573 -341.0127 23.0935977131
