5 0.0 0.0 0.0 0.0 0.0 0.0 -1.05 0.99411 0.0 0.0 0.0 0.0 0.0 0.0 0.0 0.0 0.0 0.0 0.0 0.0 0.0 0.0 0.0 0.0 0.0 0.0 0.0 0.0 0.0 0.0 -0.35 0.6508
10 0.0 0.0 0.0 0.0 0.0 0.0 -1.05 0.99411 0.0 0.0 0.0 0.0 0.0 0.0 0.0 0.0 0.0 0.0 0.0 0.0 0.0 0.0 0.0 0.0 0.0 0.0 0.0 0.0 0.0 0.0 -0.35 0.6508
15 0.0 0.0 0.0 0.0 0.0 0.0 -1.05 0.99411 0.0 0.0 0.0 0.0 0.0 0.0 0.0 0.0 0.0 0.0 0.0 0.0 0.0 0.0 0.0 0.0 0.0 0.0 0.0 0.0 0.0 0.0 -0.35 0.6508
20 0.0 0.0 -0.0834 0.15508 -0.7064 0.87965 -1.05 0.99411 0.0 0.0 -0.0834 0.15508 -1.3826 1.74389 0.0 0.0 0.0 0.0 -0.0834 0.15508 -1.0898 1.48436 0.0 0.0 0.0 0.0 0.0 0.0 -1.2211 1.51688 -0.35 0.6508
25 0.0 0.0 -0.4767 0.50152 -4.3523 3.24949 -1.075 1.01856 0.0 0.0 -0.2838 0.36112 -3.7476 3.15839 0.0 0.0 0.0 0.0 -0.2267 0.28103 -4.0548 3.48471 -0.025 0.04649 0.0 0.0 -0.1125 0.20918 -5.2951 4.29929 -0.35 0.6508
30 0.0 0.0 -0.6868 0.98206 -10.4486 5.49504 -1.19 1.10134 0.0 0.0 -0.5817 0.99845 -10.3649 3.93617 -0.32 0.40125 0.0 0.0 -1.03 1.9152 -9.1315 5.77483 -0.4 0.69366 -1.65 0.0 -0.5517 0.94284 -10.8049 6.33266 -0.89 1.03739
35 0.0 0.0 -1.4499 1.83989 -17.2128 6.05349 -2.2817 2.38744 0.0 0.0 -1.3159 1.44374 -19.0391 4.8006 -1.2967 1.47118 0.0 0.0 -2.6331 4.01252 -15.2448 8.62642 -3.0517 5.0797 -6.05 0.0 -2.0005 2.8319 -17.4503 6.52796 -1.6201 1.75621
40 0.0 0.0 -4.8705 3.2046 -22.8139 8.39616 -4.4933 4.55499 0.0 0.0 -4.1182 2.42391 -26.2431 5.95243 -3.5804 1.93138 -0.5 0.0 -5.7076 6.13009 -20.8207 9.37998 -5.7168 6.99461 -15.1 0.0 -5.1526 4.65944 -25.3737 7.57888 -4.8095 3.22896
45 0.0 0.0 -9.2963 4.2178 -29.4409 9.14218 -9.7544 4.78936 0.0 0.0 -11.2095 3.26387 -36.6757 7.32368 -11.3685 3.33021 -5.75 0.0 -9.8867 8.59338 -27.235 12.05112 -11.3517 10.02626 -35.45 0.0 -10.9091 5.601 -32.1504 7.74233 -8.5248 3.79467
50 0.0 0.0 -16.1058 5.3855 -37.2251 10.58605 -17.0104 5.88459 0.0 0.0 -18.9515 4.91714 -43.3856 9.24416 -19.0534 5.1788 -10.65 0.0 -15.8938 9.14625 -33.3172 12.01393 -17.4328 10.42951 -57.35 0.0 -17.0531 5.69053 -38.5701 8.50018 -14.5046 4.43749
55 0.0 0.0 -21.3868 7.72359 -42.3636 12.43778 -22.6339 7.22545 0.0 0.0 -25.3074 5.98136 -48.4952 9.47248 -24.7931 5.58852 -20.25 0.0 -21.2778 11.04596 -39.7503 13.40956 -23.1179 12.05077 -71.4 0.0 -23.6779 6.72299 -45.5468 9.97944 -21.104 6.01511
60 0.0 0.0 -28.8904 9.31592 -49.2517 13.46597 -29.231 9.0459 -1.45 0.0 -33.1173 7.78277 -56.2305 10.89411 -32.7239 7.18592 -34.15 0.0 -27.4394 11.89405 -46.2121 14.57513 -29.5209 13.20087 -85.45 0.0 -31.603 8.64681 -53.8549 12.47257 -29.5724 8.48304
65 0.0 0.0 -35.9856 10.75548 -56.0832 14.4417 -37.2254 11.02901 -4.6 0.0 -40.6621 8.81041 -63.3888 12.05259 -40.2535 9.03085 -51.6 0.0 -33.8577 11.73143 -53.3877 13.89809 -35.3251 13.06553 -92.55 0.0 -38.2472 10.76169 -60.3874 14.65794 -35.9451 10.71331
70 0.0 0.0 -42.6016 11.52593 -63.0449 14.55841 -44.5584 11.72968 -6.8 0.0 -47.6819 9.71042 -70.0939 12.72526 -46.5186 10.2237 -71.55 0.0 -41.5336 11.70407 -62.1686 13.57153 -43.9498 12.20121 -99.35 0.0 -45.8835 11.52662 -66.9004 14.79922 -42.6734 11.3354
75 0.0 0.0 -48.7821 11.71633 -69.1109 14.63205 -50.9038 11.19996 -15.85 0.0 -57.9495 12.9386 -80.6908 15.77195 -56.5073 13.52452 -86.5 0.0 -48.8673 12.08413 -69.2792 13.70907 -49.8744 12.16557 -104.75 0.0 -51.5005 11.93928 -72.5156 15.44342 -49.8177 12.24535
80 0.0 0.0 -53.8992 12.02399 -74.0408 14.44073 -55.9595 11.26966 -21.15 0.0 -64.1804 14.23363 -86.0336 16.86648 -62.2829 14.65218 -97.9 0.0 -55.8423 11.82043 -76.3856 13.51459 -56.2976 11.70521 -116.1 0.0 -61.2301 12.10272 -83.1947 15.83249 -60.6155 12.79548
85 0.0 0.0 -60.2213 12.61043 -80.6088 14.69352 -62.6614 11.5959 -30.35 0.0 -70.7325 14.52568 -92.6443 17.39792 -68.8878 14.89657 -108.15 0.0 -62.3775 11.74552 -82.6494 13.31157 -62.3541 12.0942 -122.0 0.0 -67.1736 12.16103 -89.1031 15.10605 -66.605 11.97789
90 0.0 0.0 -67.6634 13.20428 -87.76 15.41865 -69.836 12.80304 -41.25 0.0 -77.8379 16.53077 -99.7436 19.5067 -76.7795 17.22131 -115.2 0.0 -67.0717 12.87315 -86.9872 14.50498 -66.6226 13.49722 -133.65 0.0 -77.5223 14.00779 -100.1492 16.90038 -76.8693 14.32825
95 0.0 0.0 -74.1687 13.30297 -94.252 15.12346 -76.1375 13.02849 -54.85 0.0 -86.0305 16.96286 -108.2368 19.77708 -85.5816 17.72957 -121.2 0.0 -71.6127 12.70237 -91.3436 14.21355 -70.6275 13.02833 -138.75 0.0 -82.9823 14.80518 -105.5076 17.78988 -82.4634 15.19829
100 0.0 0.0 -79.9242 14.31234 -100.08 16.42505 -82.1514 13.69167 -68.8 0.0 -93.7683 17.01134 -116.43 19.29988 -93.6492 17.49154 -127.55 0.0 -78.1173 11.89681 -97.49 13.24819 -76.5612 11.99448 -144.65 0.0 -89.1885 14.18395 -111.5 16.94388 -88.6509 14.43511
