5 0.0 0.00291575866268 0.0 0.00404757381428 0.373975403975 0.0124387515444 0.0 0.00291266400471
10 0.0 0.00526477194774 0.00923056698812 0.00782808623313 2.1457304427 0.00390763120605 0.0 0.00494788468045
15 0.0 0.00708256137247 0.356307625564 0.010857085016 3.32952220534 0.00617072500225 0.0 0.00733117909107
20 0.00547731126003 0.00929664583822 2.36474876415 0.0114879767327 3.35533489313 0.00500798249997 0.020588057871 0.00958910835356
25 0.0669150645039 0.011374821708 6.46293849286 0.00913654776222 3.79165089145 0.00984336837556 0.25938548167 0.0106884229505
30 0.525904783246 0.0125840215395 12.1308782462 0.00509475159507 5.17357546292 0.00358418002388 1.57460994609 0.0129121086467
35 2.1228934203 0.0109609272864 18.6307588417 0.00279747981779 8.65333603813 0.0060729255287 4.72743722569 0.0108550856023
40 5.32123355902 0.0081678122431 24.2451555442 0.00228027840205 13.529887678 0.0037537973602 9.06375464409 0.00798377482583
45 9.44402570041 0.00533240225073 28.6261903465 0.00198390772814 19.4396828043 0.00168712913357 14.0628120413 0.00541611122394
50 14.1392989102 0.00372426378928 32.1675343335 0.00179465003025 25.9112366642 0.000976197102523 19.3076999194 0.00387255716087
55 19.0670355966 0.00296022775475 35.3830115274 0.00160561398957 33.438910191 0.000405845208545 25.2368355755 0.00276031011913
60 24.025541615 0.00268670025689 38.524303462 0.00143187171507 41.7038574645 0.00034610823449 30.8056723932 0.00268802970883
65 29.0744689137 0.00248400973196 41.7782232522 0.00129379439856 49.7091377208 0.000344894755518 36.9903936832 0.00249865005662
70 33.9317879784 0.00237886258502 45.3947063258 0.00116369887264 55.321537212 0.000337703337394 41.406395365 0.00237813398649
75 38.7861813559 0.00232356743507 50.3689329292 0.00105155575083 60.5967500884 0.000323986003214 45.3869773525 0.0023300517709
80 43.5403516661 0.00213265426447 57.2285717074 0.000988149710398 63.299724716 0.0003235671836 49.6590520225 0.00213012160181
85 48.4849844085 0.00205709176693 66.1251358329 0.000966211244486 68.3189918853 0.000321287865663 53.8714490761 0.00205881813031
90 53.0563393359 0.00195632611701 75.7739819675 0.000950932215777 71.3271753202 0.000318772520987 56.7722540985 0.00195574366071
95 57.9496945752 0.00187446692641 84.9798279499 0.000941301231043 74.7608319458 0.000316390559056 62.1139109046 0.00184165470721
100 62.6202953314 0.00176674781925 91.8923316272 0.000942120832106 78.2777685652 0.000314225955186 66.1715386716 0.00176570026702
