5 0.0 0.0 0.0 0.0 0.09046 0.01085 0.0 0.0 0.0 0.0 0.0 0.0 0.09289 0.00838 0.0 0.0 0.0 0.0 0.0 0.0 0.09437 0.01534 0.0 0.0 0.0 0.0 0.0 0.0 0.09625 0.01642 0.0 0.0
10 0.0 0.0 0.0015 0.00112 0.53691 0.03473 0.0 0.0 0.0 0.0 0.00284 0.00178 0.53854 0.03238 0.0 0.0 0.0 0.0 0.00254 0.00212 0.53387 0.05613 0.0 0.0 0.0 0.0 0.00235 0.00151 0.5364 0.0298 0.0 0.0
15 0.0 0.0 0.09326 0.03301 0.84311 0.0606 0.0 0.0 0.0 0.0 0.08943 0.02924 0.82451 0.05696 0.0 0.0 0.0 0.0 0.08667 0.03214 0.84197 0.03755 0.0 0.0 0.0 0.0 0.08695 0.02464 0.81993 0.0958 0.0 0.0
20 0.0 0.0 0.60304 0.06674 0.81426 0.08897 0.00439 0.00533 0.0 0.0 0.58897 0.09403 0.82728 0.07229 0.00533 0.00456 0.00153 0.0 0.5898 0.0908 0.85899 0.0756 0.00678 0.00747 0.00394 0.0 0.58293 0.07031 0.85481 0.08594 0.00409 0.00339
25 0.0 0.0 1.61111 0.12519 0.94812 0.08504 0.06994 0.03656 0.0 0.0 1.6207 0.1647 0.92907 0.10056 0.06135 0.03111 0.01071 0.0 1.62257 0.16823 0.94568 0.12994 0.06855 0.03065 0.05621 0.0 1.60855 0.12095 0.96879 0.08231 0.05955 0.02561
30 0.0 0.0 2.99458 0.20541 1.31161 0.13207 0.41701 0.10432 5e-05 0.0 3.03193 0.28296 1.26438 0.13249 0.378 0.09136 0.07109 0.0 3.06853 0.21879 1.31032 0.16837 0.39561 0.09179 0.45476 0.0 3.03584 0.2047 1.28727 0.07701 0.38399 0.07468
35 0.0 0.0 4.55864 0.27469 2.2038 0.18236 1.22509 0.18652 0.00385 0.0 4.66394 0.3917 2.09379 0.22224 1.14888 0.15677 0.33008 0.0 4.72417 0.22697 2.17972 0.25275 1.20362 0.16897 1.78896 0.0 4.68401 0.26652 2.17602 0.17256 1.14985 0.15498
40 1e-05 0.0 5.90536 0.33304 3.37209 0.37051 2.30899 0.21256 0.03821 0.0 6.06861 0.44575 3.32885 0.30067 2.18311 0.27788 1.04934 0.0 6.17048 0.27671 3.41552 0.3257 2.29023 0.25524 4.23368 0.0 6.1007 0.30882 3.41342 0.2222 2.28142 0.19825
45 3e-05 0.0 6.96643 0.36689 4.7938 0.40704 3.51099 0.23433 0.15593 0.0 7.15069 0.49126 4.8435 0.41937 3.54018 0.3246 2.24357 0.0 7.3169 0.28747 4.96117 0.45505 3.48216 0.2612 7.04449 0.0 7.19216 0.32802 4.84122 0.3284 3.52949 0.27716
50 3e-05 0.0 7.82436 0.39174 6.43984 0.37821 4.73902 0.29895 0.40681 0.0 8.02561 0.53664 6.46725 0.56676 4.8512 0.43256 3.9638 0.0 8.23102 0.30897 6.5408 0.4864 4.93712 0.28104 9.76866 0.0 8.08655 0.35211 6.46335 0.34709 4.78037 0.26739
55 0.01325 0.0 8.59997 0.42822 8.29151 0.55203 6.13257 0.37944 0.85356 0.0 8.8268 0.58649 8.41459 0.76311 6.4033 0.4752 6.17451 0.0 9.05232 0.3281 8.39104 0.50836 6.41076 0.29894 12.02572 0.0 8.90392 0.39065 8.34177 0.4237 6.29021 0.36079
60 0.00377 0.0 9.36053 0.46288 10.30025 0.57977 7.53093 0.54287 1.49047 0.0 9.60408 0.64231 10.41248 0.77387 7.73594 0.66199 8.61883 0.0 9.85826 0.35581 10.49124 0.46833 7.81709 0.42017 13.91248 0.0 9.70143 0.42486 10.49989 0.63858 7.72171 0.46458
65 0.04301 0.0 10.15425 0.49762 12.26008 0.57048 9.11301 0.49758 2.40362 0.0 10.40706 0.72103 12.35464 0.74068 9.27434 0.86009 11.19704 0.0 10.69872 0.41098 12.54981 0.4226 9.37357 0.49996 15.4308 0.0 10.5182 0.45041 12.5446 0.7243 9.22947 0.48765
70 0.07806 0.0 11.0413 0.5517 13.69903 0.65245 10.14531 0.54311 3.53217 0.0 11.29585 0.84797 13.6739 0.77913 10.3672 0.74734 13.52718 0.0 11.64329 0.50554 13.9746 0.43197 10.52458 0.3639 16.79437 0.0 11.41427 0.47411 13.97401 0.75326 10.36931 0.55865
75 0.16304 0.0 12.29335 0.70346 14.9578 0.60464 11.06498 0.56017 4.95589 0.0 12.50575 1.02532 15.01996 0.89908 11.32164 0.92293 15.63171 0.0 12.92488 0.5705 15.27154 0.45615 11.62739 0.51744 18.03554 0.0 12.64495 0.55777 15.34745 0.84888 11.37298 0.64004
80 0.34477 0.0 14.01147 0.92036 15.61311 0.87088 12.10864 0.54883 6.4544 0.0 14.1808 1.24989 15.67754 0.89837 12.46008 0.90378 17.52336 0.0 14.65473 0.67626 16.08551 0.50177 12.61477 0.60778 19.21782 0.0 14.38157 0.72068 15.92356 1.08603 12.47555 0.6303
85 0.58716 0.0 16.26293 1.07321 16.7744 0.77422 13.15145 0.50553 8.21165 0.0 16.34219 1.40868 16.91177 0.94248 13.35377 0.90343 19.28877 0.0 16.88592 0.76951 17.36302 0.51582 13.78344 0.6453 20.39739 0.0 16.6341 0.87971 17.2698 0.82804 13.5828 0.64702
90 0.79222 0.0 18.72515 1.04298 17.51685 0.93644 13.96048 0.79392 9.90554 0.0 18.70664 1.47892 17.60561 1.01587 14.07434 1.00962 20.79843 0.0 19.27312 0.83881 18.12174 0.82246 14.38804 0.4863 21.56016 0.0 19.06908 1.01454 18.08298 0.84167 14.34939 0.69353
95 1.15355 0.0 21.07835 0.93192 18.40958 1.02614 15.24264 0.8655 11.92489 0.0 20.9714 1.48999 18.48242 0.92044 15.37698 1.1443 22.16286 0.0 21.52329 0.83757 18.95491 1.00989 15.91351 0.60579 22.7084 0.0 21.40678 1.12924 18.91392 0.8825 15.58078 0.71406
100 1.54345 0.0 22.77554 0.87302 19.16983 1.06138 16.2162 0.8559 13.80326 0.0 22.70866 1.5096 19.41832 1.03489 16.60853 1.16474 23.42173 0.0 23.24448 0.84202 19.73948 1.00757 16.60713 0.60699 23.85185 0.0 23.16364 1.24618 19.95014 1.02845 16.73968 0.80912
