5 13.0 0.0 13.0 3.9687 13.0 3.9687 12.65 3.78044 7.5 0.0 7.5 3.46482 7.5 3.46482 7.5 3.46482 3.5 0.0 3.5 2.42042 3.5 2.42042 3.5 2.42042 2.25 0.0 2.25 0.74956 2.25 0.74956 2.25 0.74956
10 29.0 0.0 29.0 4.33864 29.0 4.33864 28.65 4.35643 13.0 0.0 13.0 4.20373 13.0 4.20373 13.0 4.20373 8.5 0.0 8.5 4.39364 8.5 4.39364 8.5 4.39364 4.2 0.0 4.2 0.91093 4.2 0.91093 4.2 0.91093
15 40.0 0.0 40.0 6.78964 40.0 6.78964 38.65 6.33303 20.0 0.0 20.0 6.04113 20.0 6.04113 20.0 6.04113 14.5 0.0 14.5 5.62114 14.5 5.62114 14.5 5.62114 6.15 0.0 6.15 1.20862 6.15 1.20862 6.15 1.20862
20 50.0 0.0 50.0 9.19321 50.0 9.19321 48.65 8.64186 27.0 0.0 27.0 7.86446 27.0 7.86446 27.0 7.86446 19.5 0.0 19.5 5.62114 19.5 5.62114 19.5 5.62114 8.55 0.0 8.55 1.76645 8.55 1.76645 8.55 1.76645
25 68.0 0.0 68.0 12.01849 61.3996 7.39722 66.65 11.51244 31.0 0.0 31.0 6.61772 31.0 6.61772 31.0 6.61772 24.5 0.0 24.5 7.64777 24.5 7.64777 24.5 7.64777 10.65 0.0 10.65 1.40691 10.65 1.40691 10.65 1.40691
30 81.0 0.0 81.0 10.53671 49.5503 6.15537 79.65 9.84112 37.5 0.0 37.5 4.85075 37.5 4.85075 37.5 4.85075 30.5 0.0 30.5 7.12777 30.5 7.12777 30.2 7.3952 12.45 0.0 12.45 1.55848 12.45 1.55848 12.45 1.55848
35 92.0 0.0 91.4504 12.36587 41.7233 5.62575 89.75 11.43308 42.5 0.0 42.5 5.04486 38.5302 4.62688 41.8 5.22617 40.0 0.0 40.0 9.602 35.7943 8.21848 39.35 9.85063 13.4 0.0 13.95 2.20206 13.95 2.20206 13.95 2.20206
40 99.0 0.0 93.1011 11.13106 38.7091 5.50793 92.9496 11.08939 50.0 0.0 50.0 6.19806 39.1226 4.68886 48.985 6.10783 42.4 0.0 46.0 10.80669 35.817 8.21451 44.965 11.13857 14.05 0.0 16.35 2.3317 16.35 2.3317 16.35 2.3317
45 108.0 0.0 85.2803 9.39974 36.638 5.97765 86.701 9.60643 59.5 0.0 59.15 5.67014 40.3762 3.48445 58.485 5.72926 38.2 0.0 51.47 10.18529 34.9809 6.93543 50.465 10.56572 8.2 0.0 18.0 2.27731 18.0 2.27731 18.0 2.27731
50 119.0 0.0 70.8003 7.27096 35.3384 4.538 72.6221 7.65287 62.9 0.0 63.2754 7.36628 38.6587 4.32823 62.8026 7.10654 30.2 0.0 61.3739 10.25657 36.9528 6.20121 60.026 10.84987 2.4 0.0 19.05 2.53079 19.05 2.53079 19.05 2.53079
55 133.0 0.0 63.7797 7.7191 35.2113 4.54265 67.0636 8.48688 59.4 0.0 63.3068 7.57893 36.5532 4.37897 62.7616 7.40591 20.4 0.0 66.7153 9.94037 37.5474 5.56015 63.9722 10.27885 1.7 0.0 20.7 2.45274 20.7 2.45274 20.7 2.45274
60 144.0 0.0 62.3292 7.43674 34.4426 4.21411 65.1034 8.13701 55.6 0.0 63.4982 7.73413 36.1301 4.39118 63.4704 6.65541 13.7 0.0 65.7201 9.02115 36.4779 4.94637 62.9729 8.84935 1.2 0.0 22.95 2.66391 22.95 2.66391 22.95 2.66391
65 157.0 0.0 62.6219 7.50289 34.2599 4.37473 63.0526 8.09342 46.4 0.0 62.1025 7.04958 34.9519 3.92408 62.5001 5.98404 10.35 0.0 64.7211 9.37601 35.7261 4.88504 64.0827 8.56327 0.75 0.0 25.05 2.75953 25.05 2.75953 24.8608 2.84306
70 169.0 0.0 62.0454 7.0702 33.6705 4.05418 62.5777 7.57109 38.8 0.0 61.2561 6.61699 34.0867 3.58683 61.8115 6.14764 6.25 0.0 63.8924 8.83193 34.9468 4.4825 63.7388 8.49813 0.45 0.0 27.3 2.84436 27.3 2.84436 26.3658 3.12054
75 175.2 0.0 61.87 7.42617 33.0661 4.11199 62.2859 7.71373 34.8 0.0 59.4376 6.15465 32.7105 3.47304 60.1397 6.27474 4.2 0.0 63.4202 8.21583 34.3817 4.21319 63.9564 8.34745 0.3 0.0 29.77 2.75142 29.85 2.86405 28.1146 2.96433
80 179.2 0.0 60.1256 7.86143 31.8815 4.29843 60.6593 7.8516 31.95 0.0 59.6235 6.16669 32.5609 3.4694 61.1217 6.38237 3.35 0.0 62.954 8.34862 33.7434 4.42986 63.0362 8.48497 -0.0 0.0 31.8 2.84436 31.8 2.84436 29.677 2.89161
85 184.2 0.0 58.704 7.75343 30.9483 4.3038 59.7485 7.72658 28.6 0.0 58.7735 5.53354 31.8768 2.985 60.9985 5.27634 1.7 0.0 63.8455 7.80607 33.8802 4.11751 62.9815 7.81293 -0.0 0.0 33.18 3.0465 33.3 2.93411 30.764 3.03615
90 193.2 0.0 60.2295 7.50198 31.9124 4.30066 60.6889 7.52773 20.6 0.0 57.6331 4.58522 31.4792 2.46084 60.7075 5.28084 0.7 0.0 62.0266 7.46884 33.0676 3.9512 61.5218 7.393 0.0 0.0 34.62 2.85068 33.5008 2.70876 31.5796 3.2024
95 195.4 0.0 59.466 7.67551 31.7376 4.38617 60.0824 7.63336 18.4 0.0 56.7152 4.56279 31.1904 2.48073 60.0327 5.72909 0.7 0.0 61.2102 8.1373 32.9688 4.36398 61.5675 7.77354 -0.0 0.0 37.11 3.00634 34.0632 2.77224 32.8099 3.80276
100 197.2 0.0 58.0733 7.62759 31.46 4.3211 59.4697 7.49791 17.05 0.0 57.5772 4.0103 32.11 2.10268 61.1174 5.7577 0.25 0.0 60.1829 7.92146 32.76 4.26057 61.1145 7.74267 -0.0 0.0 38.67 2.36293 33.67 2.14547 32.7913 3.73365
