5 26.25 3.00222484168 26.25 3.00222484168 26.25 3.00222484168 25.9 2.99437713056
10 54.7 2.85447606401 54.7 2.85447606401 54.7 2.85447606401 54.35 3.0929830908
15 80.65 4.56316035221 80.65 4.56316035221 80.65 4.56316035221 79.3 3.9008431909
20 105.05 6.89414502313 105.05 6.89414502313 105.05 6.89414502313 103.7 6.03985377306
25 134.15 7.21089567252 134.15 7.21089567252 127.5496 1.77166444121 132.8 6.54945078613
30 161.45 6.63865917185 161.45 6.63865917185 130.0003 0.00103898488921 159.8 5.71802917096
35 187.9 8.32803976936 187.9004 8.32853059537 129.9978 0.00448493228488 184.85 7.87672523324
40 205.45 5.33438764996 205.4511 5.33510462996 129.9987 0.00469623525816 203.2496 5.36417311963
45 213.9 0.92764130999 213.9003 0.927716389991 129.9951 0.00174098317051 213.651 0.970982259183
50 214.5 0.0 214.4996 0.0011156515585 129.9999 0.00808342590738 214.5007 0.00255627885803
55 214.5 0.0 214.5018 0.00351490904576 130.0119 0.00711806591709 214.4974 0.00216843685635
60 214.5 0.0 214.4975 0.00469787100717 130.0006 0.00758193262961 214.4967 0.00233643180941
65 214.5 0.0 214.4955 0.00599164017611 129.9879 0.00592847353035 214.4962 0.00414668561625
70 214.5 0.0 214.4939 0.00456684205989 130.004 0.00918067012804 214.4938 0.00392783217564
75 214.5 0.0 214.4978 0.00604621084647 130.0083 0.00912632070442 214.4966 0.0049289226409
80 214.5 0.0 214.5031 0.00733600534351 129.9858 0.0104075815442 214.4942 0.00615327633054
85 214.5 0.0 214.503 0.0108315494736 130.0053 0.00966997340224 214.4925 0.00426046476338
90 214.5 0.0 214.5092 0.00987731105109 129.96 0.0 214.4978 0.00554233106193
95 214.5 0.0 214.5014 0.00972997381291 129.96 0.0 214.4925 0.00713854494978
100 214.5 0.0 214.5034 0.00638851769975 130.0 0.0 214.4929 0.00609462307284
