5 0.0701309467618 0.00125346727472 0.0931660276892 0.00175265087342 0.289891386271 0.00521273382235 0.0700961861987 0.00125733668259
10 0.0922315819361 0.00214639623446 0.184433239727 0.00338966077056 0.346972023681 0.00228517605709 0.0918435326846 0.00200022268303
15 0.0997530165894 0.00185358485716 0.274240133503 0.00470125571748 0.33430942217 0.00371000877364 0.100496380262 0.00210920838271
20 0.104831425008 0.00213911459655 0.352345125931 0.00497443984426 0.303443018294 0.008894492227 0.105570646766 0.00293968183327
25 0.108645374557 0.00264360449101 0.400487687427 0.00395624123247 0.247201717617 0.0083063750863 0.111676051197 0.00298222362557
30 0.102262620932 0.00215678607562 0.420456724489 0.00220609215364 0.210522198026 0.00669856000564 0.111585283019 0.00212462672966
35 0.0832912130533 0.00403689921492 0.426504648887 0.00121134429432 0.178509512322 0.0115787854004 0.10907205743 0.0040944487012
40 0.0556470134182 0.0051051327139 0.428140664818 0.000987389511888 0.151678415409 0.00602503386801 0.100555622085 0.00373385971658
45 0.029997650268 0.0045594683775 0.428631202629 0.00085905724564 0.137046970385 0.0058122570964 0.0884826412496 0.00300526423382
50 0.0139936416543 0.00335243967988 0.428833268725 0.000777106258604 0.116495958287 0.0104312471256 0.0723512919248 0.0048129561888
55 0.00766887883558 0.00233803885506 0.42899832851 0.000695251251925 0.0971926482472 0.00660579233165 0.0571747037919 0.00696759970281
60 0.00481358163503 0.00106207209559 0.429151036968 0.000620018640067 0.0845993255508 0.00789966880915 0.0395358371962 0.00572345617413
65 0.0040242902729 0.000743503042465 0.429276462526 0.000560229408251 0.066297170235 0.00472633780369 0.0256713458069 0.00311410814492
70 0.00394100235835 0.000815033100132 0.429365988087 0.000503896392927 0.0553536505549 0.00657245393775 0.017632602115 0.00406738704167
75 0.00362128584934 0.000596263974211 0.429436100534 0.000455336996848 0.0443663675211 0.00635613334867 0.0125622658381 0.00327100309043
80 0.00357801079846 0.000627471861165 0.429487201272 0.000427881375933 0.0441337535243 0.00902919287993 0.0102597278509 0.00189091950364
85 0.00351218134242 0.000582406531777 0.429521074165 0.00041838174163 0.035105882206 0.00660875509294 0.00791071749691 0.00131695916686
90 0.0036166413383 0.000672395301405 0.42955061545 0.00041176572821 0.0302292192233 0.00442790992674 0.00742451766835 0.00185714984738
95 0.00352784094777 0.000693387090989 0.429576237984 0.000407595389419 0.025086032492 0.00347320036839 0.00622559788774 0.00112654061859
100 0.00343001945818 0.000728138938285 0.429597818751 0.000407950287017 0.0233432407708 0.00371009031776 0.00648161326662 0.00156308969187
