5 0.179292051914 0.00291575866268 0.215157724663 0.00404757381428 0.703413179358 0.0124387515444 0.179191742395 0.00291266400471
10 0.318207122465 0.00526477194774 0.425930322417 0.00782808623313 0.884092021383 0.00390763120605 0.317754414652 0.00494788468045
15 0.447623253829 0.00708256137247 0.633330459602 0.010857085016 0.928556084774 0.00617072500225 0.447733833487 0.00733117909107
20 0.578083653123 0.00929664583822 0.813706213215 0.0114879767327 0.938071838971 0.00500798249997 0.577813166622 0.00958910835356
25 0.702524176296 0.011374821708 0.924886696572 0.00913654776222 0.947136608145 0.00984336837556 0.703439553919 0.0106884229505
30 0.816395358267 0.0125840215395 0.971003212265 0.00509475159507 0.96005150503 0.00358418002388 0.817067400003 0.0129121086467
35 0.903522795181 0.0109609272864 0.984970295383 0.00279747981779 0.973617700879 0.0060729255287 0.902468786996 0.0108550856023
40 0.950534907747 0.0081678122431 0.988748512335 0.00228027840205 0.985534732502 0.0037537973602 0.950749556961 0.00798377482583
45 0.97313159644 0.00533240225073 0.989881360885 0.00198390772814 0.995253729978 0.00168712913357 0.973406018189 0.00541611122394
50 0.981302973717 0.00372426378928 0.990348012544 0.00179465003025 0.99788132986 0.000976197102523 0.981903863439 0.00387255716087
55 0.983866297525 0.00296022775475 0.990729201789 0.00160561398957 0.998897831662 0.000405845208545 0.984200121202 0.00276031011913
60 0.984783311887 0.00268670025689 0.991081866867 0.00143187171507 0.999056303402 0.00034610823449 0.984845569445 0.00268802970883
65 0.985319463345 0.00248400973196 0.991371524785 0.00129379439856 0.999079876734 0.000344894755518 0.985359226899 0.00249865005662
70 0.985689899136 0.00237886258502 0.991578275211 0.00116369887264 0.999088356229 0.000337703337394 0.985747967715 0.00237813398649
75 0.98592855928 0.00232356743507 0.991740192973 0.00105155575083 0.999105058171 0.000323986003214 0.985951985129 0.0023300517709
80 0.986290959946 0.00213265426447 0.991858205072 0.000988149710398 0.999106623994 0.0003235671836 0.986282280378 0.00213012160181
85 0.98651548136 0.00205709176693 0.991936431168 0.000966211244486 0.999110181757 0.000321287865663 0.986522172489 0.00205881813031
90 0.986787363377 0.00195632611701 0.992004653843 0.000950932215777 0.999114227658 0.000318772520987 0.986786170946 0.00195574366071
95 0.986884152866 0.00187446692641 0.99206382655 0.000941301231043 0.999118237752 0.000316390559056 0.986907355167 0.00184165470721
100 0.987047293274 0.00176674781925 0.992113665196 0.000942120832106 0.999122067932 0.000314225955186 0.987049283209 0.00176570026702
