5 0.0 0.0 0.0 0.0 0.0 0.0 -0.35 0.650796742463
10 0.0 0.0 0.0 0.0 0.0 0.0 -1.3541 1.09132203163
15 0.0 0.0 0.0 0.0 0.0 0.0 -3.1972 2.85655838296
20 0.0 0.0 0.0 0.0 0.0 0.0 -6.7017 4.82301391715
25 0.0 0.0 0.0 0.0 0.0 0.0 -14.4039 10.0134614671
30 0.0 0.0 -0.0389 0.0723314093766 -0.1512 0.281144192744 -24.9484 13.1702949891
35 0.0 0.0 0.0 0.0 -0.4765 0.859893582537 -42.1375 12.0948153872
40 -0.870138888889 1.61795301251 -1.7515 2.61005768393 -1.683 1.77135344558 -62.0165 14.2632081557
45 -2.33388888889 4.17035359374 -4.9138 3.84262282184 -5.0067 3.39461380583 -83.5265 15.4834276303
50 -7.431875 10.5326079405 -8.5544 5.65005355526 -8.6533 5.90752806961 -102.2423 14.1029809602
55 -19.4287268518 15.9111630645 -23.9872 12.451662352 -14.9849 8.5642170886 -125.8544 17.7729641757
60 -37.2049236111 20.8507953241 -39.9885 14.8536036156 -22.9722 9.11911062563 -142.789 19.6666438755
65 -60.9290709326 21.1924904132 -56.0627 17.5622176014 -35.0358 9.01813073181 -166.2605 18.7894230084
70 -87.5485963956 24.5169939063 -75.8436 19.8147478648 -49.9353 14.0859720785 -189.8006 19.9123351236
75 -121.151165675 26.2891744702 -95.2008 17.6514731639 -66.5443 14.0904925975 -218.3157 21.5312342261
80 -150.863108796 22.4591930118 -124.0132 17.4557969569 -85.7491 16.1586743074 -243.351 23.3526314519
85 -176.641693813 24.0096018973 -161.6502 18.953708103 -111.2929 14.5879979354 -272.4547 23.1555123395
90 -203.539575727 21.4374130636 -176.6855 20.3628700602 -134.3357 14.1053483649 -301.4696 23.5806797902
95 -227.563931327 21.4758140741 -202.0773 19.1179196719 -153.3494 13.9537321036 -327.2054 21.1424022492
100 -248.085383763 22.9206588951 -228.5616 20.5914486908 -177.363 15.1633142392 -353.1693 20.0910806902
