5 0.0 0.0 0.0 0.0 0.0 0.0 0.0 0.0 0.0 0.0 0.0 0.0 0.0 0.0 0.0 0.0 0.0 0.0 0.0 0.0 0.0 0.0 0.0 0.0 0.0 0.0 0.0 0.0 0.0 0.0 -0.35 0.6508
10 0.0 0.0 0.0 0.0 0.0 0.0 0.0 0.0 0.0 0.0 0.0 0.0 0.0 0.0 0.0 0.0 0.0 0.0 0.0 0.0 0.0 0.0 -0.1833 0.34083 0.0 0.0 0.0 0.0 0.0 0.0 -1.1708 1.11342
15 0.0 0.0 0.0 0.0 0.0 0.0 -0.9208 0.95893 0.0 0.0 0.0 0.0 0.0 0.0 -0.7028 1.3068 0.0 0.0 0.0 0.0 0.0 0.0 -0.1833 0.34083 0.0 0.0 0.0 0.0 0.0 0.0 -1.3903 1.35832
20 0.0 0.0 0.0 0.0 0.0 0.0 -1.3062 1.29603 0.0 0.0 0.0 0.0 0.0 0.0 -1.6705 1.42835 0.0 0.0 0.0 0.0 0.0 0.0 -0.8018 0.82315 0.0 0.0 0.0 0.0 0.0 0.0 -2.9232 3.1684
25 0.0 0.0 0.0 0.0 0.0 0.0 -1.9309 1.79926 0.0 0.0 0.0 0.0 0.0 0.0 -2.6622 2.54862 0.0 0.0 0.0 0.0 0.0 0.0 -4.1868 1.77318 0.0 0.0 0.0 0.0 0.0 0.0 -5.624 6.32434
30 0.0 0.0 0.0 0.0 0.0 0.0 -3.8384 2.86364 0.0 0.0 -0.0389 0.07233 0.0 0.0 -5.7576 4.33255 0.0 0.0 0.0 0.0 0.0 0.0 -8.255 3.29761 0.0 0.0 0.0 0.0 -0.1512 0.28114 -7.0974 7.03344
35 0.0 0.0 0.0 0.0 0.0 0.0 -9.1558 4.67745 0.0 0.0 0.0 0.0 0.0 0.0 -11.9327 3.31376 0.0 0.0 0.0 0.0 -0.1458 0.2711 -11.3962 3.86127 0.0 0.0 0.0 0.0 -0.3307 0.58894 -9.6528 6.92544
40 0.0 0.0 -0.7662 1.36224 -0.0806 0.14987 -14.2459 4.90144 0.0 0.0 -0.7188 0.91281 -0.1953 0.36314 -17.3014 5.02604 0.0 0.0 -0.0253 0.04704 -0.2742 0.50985 -14.1996 3.82095 -0.87014 0.0 -0.2412 0.44849 -1.1329 1.40449 -16.2696 9.15807
45 0.0 0.0 -1.3822 1.08836 -0.2806 0.52175 -21.1364 5.03787 0.0 0.0 -1.3248 1.65711 -0.6698 0.86997 -21.9426 5.33497 0.0 0.0 -1.5565 1.29876 -1.3715 1.50155 -18.7213 4.17061 -2.33389 0.0 -0.6503 0.64891 -2.6848 2.35889 -21.7262 9.56336
50 0.0 0.0 -1.8852 1.71042 -0.9886 0.8328 -27.0109 7.71006 0.0 0.0 -1.6395 1.65487 -1.5381 1.10195 -26.0507 7.02542 -0.34917 0.0 -3.2658 2.80781 -2.0582 1.74365 -21.9217 4.17891 -7.08271 0.0 -1.7639 1.22923 -4.0684 3.55442 -27.259 10.24909
55 0.0 0.0 -5.6682 3.29215 -2.1635 1.19955 -31.9699 8.85123 0.0 0.0 -3.8253 2.81119 -2.8445 2.10858 -31.1598 8.42967 -2.00796 0.0 -8.0782 5.14127 -3.2139 2.54493 -27.3939 6.01132 -17.42076 0.0 -6.4155 4.2775 -6.763 4.57785 -35.3308 12.95964
60 0.0 0.0 -8.5633 3.98949 -4.7103 2.12865 -35.8851 9.63314 0.0 0.0 -7.5819 3.32786 -4.4367 2.30768 -34.6736 9.23589 -4.79402 0.0 -12.3591 6.34399 -5.4729 2.86298 -32.0303 6.82103 -32.41091 0.0 -11.4842 6.07111 -8.3523 5.34359 -40.2 12.97706
65 0.0 0.0 -13.1861 5.36079 -9.4577 4.41339 -40.7332 8.61532 0.0 0.0 -11.3643 6.64524 -6.8191 3.17889 -40.1151 10.41094 -7.25259 0.0 -14.971 8.00386 -8.4661 3.14998 -40.1202 7.41843 -53.67648 0.0 -16.5413 7.19502 -10.2929 5.39255 -45.292 12.5845
70 0.0 0.0 -20.5145 7.20243 -13.9782 4.56077 -46.8095 7.20423 0.0 0.0 -17.8715 8.31928 -10.6311 5.23234 -45.368 12.15316 -11.41216 0.0 -18.6558 8.16694 -11.2156 3.47204 -47.3845 8.14112 -76.13643 0.0 -18.8018 7.96679 -14.1104 7.68412 -50.2386 13.65381
75 0.0 0.0 -25.3744 7.80998 -18.4093 5.99647 -53.8997 9.22502 -0.21667 0.0 -20.0258 5.39878 -14.4241 5.36752 -51.7874 10.35577 -22.98317 0.0 -23.9286 8.56304 -15.6372 4.70719 -54.5533 7.8952 -97.95133 0.0 -25.872 9.07664 -18.0737 7.94434 -58.0753 15.43632
80 0.0 0.0 -31.9383 9.47086 -23.5378 7.79822 -59.7841 10.806 -0.16389 0.0 -26.5587 4.56686 -18.6689 5.82791 -57.8198 9.04686 -39.24264 0.0 -35.1384 8.64693 -21.6901 5.99912 -62.2467 7.04552 -111.45658 0.0 -30.3778 10.06405 -21.8523 9.09007 -63.5004 15.90403
85 0.0 0.0 -40.6992 10.22817 -29.3749 8.19904 -67.8619 12.74652 -0.12458 0.0 -34.9244 5.38418 -23.437 6.56538 -63.1188 10.00263 -54.09492 0.0 -46.0923 10.66914 -28.6015 6.52569 -69.1029 7.63757 -122.42219 0.0 -39.9343 9.54711 -29.8795 9.88614 -72.3711 16.31695
90 0.0 0.0 -43.0941 11.06092 -34.55 8.22162 -75.0093 13.94637 -2.12549 0.0 -38.2072 6.61509 -27.7094 6.4068 -68.3585 9.93403 -68.96409 0.0 -45.5279 10.33298 -34.708 7.17821 -77.3283 8.59308 -132.45 0.0 -49.8563 11.87457 -37.3683 10.68549 -80.7735 17.77063
95 0.0 0.0 -49.0202 10.3913 -39.6171 8.41366 -83.5499 14.92897 -4.80983 0.0 -49.5028 6.70901 -34.1778 7.07777 -77.5019 10.15055 -87.8541 0.0 -50.9503 9.77062 -38.2869 7.85152 -81.6491 9.48484 -134.9 0.0 -52.604 14.06544 -41.2676 10.92621 -84.5045 17.52441
100 0.0 0.0 -57.0627 12.00208 -44.5378 9.31722 -87.4836 15.04428 -7.80216 0.0 -54.939 9.01339 -42.6346 9.14187 -88.5076 11.10054 -99.73323 0.0 -56.6311 9.56105 -44.1231 8.20628 -87.0759 10.61275 -140.55 0.0 -59.9288 14.15448 -46.0675 11.06722 -90.1022 17.79393
