5 6.95082 0.0 6.95061 0.29397 6.87929 0.28927 6.95079 0.29387 6.92349 0.0 6.92302 0.39323 6.85091 0.38308 6.92347 0.39321 6.6883 0.0 6.68584 0.34039 6.61864 0.32735 6.68667 0.33949 7.27788 0.0 7.27704 0.31371 7.22243 0.31386 7.27779 0.31408
10 13.79145 0.0 13.78863 0.59676 13.63337 0.59463 13.79094 0.59762 13.707 0.0 13.70493 0.77865 13.52728 0.75825 13.7055 0.77871 13.24844 0.0 13.24071 0.6839 13.11582 0.67087 13.24337 0.68291 14.41198 0.0 14.40883 0.63406 14.25832 0.64164 14.41171 0.63545
15 20.63781 0.0 20.62538 0.90339 20.41422 0.90596 20.63542 0.90311 20.45597 0.0 20.45413 1.15996 20.24184 1.13263 20.46119 1.15972 19.80773 0.0 19.7967 1.01692 19.60744 0.9703 19.79595 1.012 21.50014 0.0 21.49831 0.94388 21.33934 0.94669 21.50448 0.94666
20 27.44453 0.0 27.41235 1.21802 27.09639 1.19799 27.38801 1.18912 27.17716 0.0 27.1525 1.537 26.88664 1.53948 27.12373 1.552 26.32929 0.0 26.31367 1.34989 26.05468 1.31696 26.27891 1.33949 28.46128 0.0 28.4961 1.2499 28.25376 1.2479 28.50579 1.25523
25 34.2208 0.0 34.14226 1.5151 33.75703 1.52955 33.84541 1.36734 33.8308 0.0 33.77347 1.92431 33.47057 1.93841 33.5647 1.91534 32.71693 0.0 32.76549 1.68094 32.44946 1.66417 32.52737 1.70063 35.06776 0.0 35.40122 1.55523 35.03931 1.57648 35.15628 1.59907
30 40.94491 0.0 40.76498 1.80198 40.24909 1.72652 40.1258 1.57869 40.41909 0.0 40.28629 2.3021 39.83389 2.28097 39.77157 2.28206 38.58623 0.0 39.13929 2.00698 38.67887 1.95305 38.56891 2.0312 39.89241 0.0 42.20105 1.85703 41.74822 1.85708 41.56675 1.77148
35 47.66637 0.0 47.25615 2.08555 46.60123 2.00665 45.54674 1.67446 46.95521 0.0 46.63889 2.67059 46.00692 2.58318 44.72123 2.40869 44.00053 0.0 45.34535 2.31486 44.72211 2.23196 43.6411 1.88029 42.01529 0.0 48.83032 2.13927 48.20061 2.16616 46.6159 2.1798
40 54.32296 0.0 53.52486 2.34473 52.41822 2.1874 49.69333 1.7784 53.30151 0.0 52.76321 3.03614 51.77665 2.8289 49.41733 2.59679 47.66769 0.0 51.2847 2.56351 50.36786 2.41703 47.84258 1.8467 40.59175 0.0 55.1786 2.38306 54.22681 2.39498 51.50147 2.49061
45 60.93507 0.0 59.45019 2.57286 58.13948 2.2791 52.20819 2.04119 59.1645 0.0 58.52302 3.37831 57.23281 3.1122 51.41206 2.50281 48.51916 0.0 56.88591 2.77561 55.74803 2.578 48.97521 2.6277 34.26522 0.0 61.17542 2.58252 59.88712 2.70205 52.87374 2.58965
50 67.50385 0.0 65.02404 2.7755 63.30285 2.52877 53.39728 1.87876 64.39494 0.0 63.8745 3.69756 62.02786 3.3839 51.47898 2.74431 48.39108 0.0 62.06679 2.91892 60.42551 2.74408 51.16594 1.98275 25.99803 0.0 66.70885 2.73612 64.879 2.86701 54.49522 2.62886
55 74.04461 0.0 70.07753 2.96125 67.7002 2.61294 54.32614 2.12803 69.52594 0.0 68.77365 3.97192 66.43869 3.53326 53.69111 3.00214 46.84027 0.0 66.73804 2.99314 64.68532 2.81375 51.82758 1.76396 18.93639 0.0 71.70724 2.82755 69.39522 2.96188 56.56299 2.57406
60 80.54676 0.0 74.60577 3.11327 71.86559 2.70856 54.02826 2.36289 74.47854 0.0 73.12893 4.19698 70.33885 3.71268 53.32268 2.666 43.24389 0.0 70.82609 3.00551 68.51155 2.87479 51.85514 2.43004 12.14652 0.0 76.09662 2.87267 73.26014 2.92763 55.67733 2.12682
65 86.94519 0.0 78.58248 3.22893 75.3302 2.83548 53.25562 2.0512 77.9438 0.0 76.92537 4.37287 73.39603 3.78536 52.77401 2.48096 37.91482 0.0 74.34082 2.98373 71.35054 2.72489 50.51724 2.01902 8.62324 0.0 79.90373 2.91026 76.55955 2.89262 54.6618 2.88799
70 93.22744 0.0 81.98998 3.2784 78.20509 2.87205 53.76216 2.21309 79.35575 0.0 80.17872 4.47292 76.1069 3.84457 53.63714 2.54246 30.99502 0.0 77.34998 2.92567 73.95219 2.81928 50.86301 3.01645 5.84498 0.0 83.14142 2.94054 79.23154 2.90415 55.25886 3.29811
75 99.62483 0.0 84.87381 3.29506 80.68725 2.95964 52.68526 2.10874 82.22191 0.0 82.9453 4.56549 78.18144 3.78242 52.99933 2.69036 27.18538 0.0 79.91145 2.84714 76.26674 2.74318 51.82842 2.30588 3.80727 0.0 85.90894 2.97425 81.21486 2.91736 54.56785 2.78034
80 105.76932 0.0 87.25997 3.28265 82.203 2.96205 55.04023 2.62484 83.32759 0.0 85.22911 4.60763 79.87249 3.85444 54.85228 2.9236 21.47355 0.0 82.06063 2.70909 77.7914 2.70084 52.09085 2.1509 3.04164 0.0 88.23674 3.00035 83.1287 2.74007 55.60171 2.77261
85 112.02816 0.0 89.20737 3.22365 83.79477 2.86026 53.52954 1.78549 84.04011 0.0 87.12505 4.6296 81.52336 3.81272 54.05646 2.76975 18.99103 0.0 83.80905 2.53109 79.09719 2.64757 52.47596 2.21684 2.89259 0.0 90.1713 3.05565 84.44849 2.80312 55.75354 2.14443
90 118.08156 0.0 90.79331 3.12528 84.63427 2.80701 55.48811 2.07482 82.99829 0.0 88.67836 4.63905 82.46883 3.69055 54.45862 2.94823 14.39804 0.0 85.28375 2.38477 79.9563 2.6961 51.6788 2.73056 2.24909 0.0 91.76332 3.09373 85.48824 2.79766 55.71688 2.54037
95 124.17274 0.0 92.13463 3.02305 85.35515 2.76598 54.52235 2.29776 80.15075 0.0 89.93216 4.62128 83.55011 3.74643 55.63065 3.31695 11.30609 0.0 86.536 2.2717 80.80892 2.53895 51.78109 2.41088 2.29161 0.0 93.04554 3.07813 86.2436 2.79415 57.36903 2.35115
100 129.88706 0.0 93.21994 2.90427 86.25422 2.74818 56.26324 2.08539 75.93881 0.0 90.9594 4.59208 84.19321 3.66847 54.81565 3.01013 8.08727 0.0 87.58128 2.20143 81.40796 2.59423 51.09197 2.63073 2.32781 0.0 94.08635 3.0329 86.69612 2.8393 56.73751 2.76161
