5 27.8404958381 0.859732931059 27.8365037137 0.860028408958 27.5712644092 0.824554256602 27.8387257049 0.860046012672
10 55.1588799371 1.76665109954 55.1430995069 1.7664519993 54.5347951083 1.75989671393 55.1515197701 1.76680744288
15 82.4016472682 2.64931054253 82.3745228566 2.63549901243 81.6028401807 2.58375178115 82.3970447562 2.63854901752
20 109.41225024 3.53204024754 109.374616859 3.49633708864 108.291477528 3.43270221704 109.296434182 3.4825070773
25 135.836292749 4.17683560526 136.082449226 4.31428170573 134.716368724 4.44720633101 135.093771958 4.07022855631
30 159.84264471 4.08520411031 162.391608126 5.09453992602 160.51006927 5.02292611585 160.033031926 4.59076135224
35 180.637391401 4.53789424518 188.070715985 5.82741508875 185.530874457 5.59687500067 180.524971736 3.97891080285
40 195.883906688 4.66021849799 212.751376725 6.43346860514 208.789534759 6.06618100088 198.454706359 4.15202582194
45 202.88394174 5.54099892919 236.034543911 6.91040780984 231.00744656 6.21810673039 205.469198949 5.07916277428
50 206.28790694 5.35924227729 257.674173492 7.20521837596 250.635218232 6.4184675435 210.537427972 2.23286668298
55 209.347194536 5.08375270023 277.296448026 7.35939930121 268.219438754 6.31566688123 216.407817804 3.23933853083
60 210.415718044 4.85347923869 294.657408442 7.39305479212 283.976128794 6.19343907833 214.883406032 3.62197102653
65 211.427056567 4.58736342132 309.752403712 7.31633622493 296.636317026 5.70176941104 211.208670766 3.4950765847
70 209.423200564 5.61080673314 322.660112419 7.11211149562 307.495709723 5.418848941 213.52117316 5.22084323225
75 212.839380595 3.85759225519 333.639506151 6.83293261308 316.350281084 5.46457065099 212.080856614 3.38233210807
80 213.612094752 5.20795753564 342.78644638 6.44198310956 322.995592438 5.00759064646 217.585067047 3.59943944138
85 217.95190093 4.22658482203 350.312763278 5.99261233439 328.863810741 4.32409335358 215.815489495 3.48822918202
90 217.726981781 4.51310358066 356.518731111 5.60032137702 332.547645246 4.02277893185 217.342410401 4.77925301758
95 217.92118582 6.80932894021 361.648335603 5.23759118846 335.95778093 3.50686256506 219.303120824 4.67656021257
100 216.240960399 6.44078317673 365.846967182 4.90288530968 338.55151028 3.40567153674 218.908382118 5.42406415822
