5 26.944148212 0.45779438246 26.9423906522 0.457320281025 26.6793228427 0.460270789119 26.9434890545 0.45797739737
10 53.3549011557 0.888520289974 53.3406661257 0.886895270062 52.7432654901 0.855806647587 53.3480098458 0.887625948717
15 79.7679934939 1.3046293659 79.7186900898 1.29491006624 79.0433062027 1.26041933249 79.7498385396 1.29763042749
20 106.023156135 1.70573294318 105.89685828 1.6813586884 105.053599502 1.67206259776 105.914599727 1.67394209195
25 131.958796462 2.06538801742 131.753087009 2.03409918209 130.918335761 2.00120456049 131.658510312 2.01018435004
30 157.181452249 2.35668729215 157.165898825 2.38517055332 156.040652986 2.49077237811 156.297529809 2.19800122775
35 180.563513081 2.63071422385 181.935615827 2.70587600389 180.378969017 2.78770540024 178.38369958 2.12709578841
40 200.071863101 2.93075956638 205.81651127 2.97703724837 204.358664938 2.93345400239 194.704841469 3.19753652073
45 212.309552584 2.83985274621 228.495687051 3.25247972563 226.99523458 3.11227331924 207.37600375 2.62681547657
50 222.683504007 2.58945775429 249.735572216 3.56385427353 248.163723992 3.5620207148 211.318489081 2.97917741563
55 227.118441358 4.40972977735 269.351448467 3.88797816369 267.494037277 3.75325484005 215.659717185 4.2019050003
60 229.875386176 4.39211316535 287.199448979 4.15712852612 284.224069811 3.82299362859 215.358428865 2.79155533956
65 234.518416569 5.58101207386 303.177418116 4.33477519568 298.904043142 3.8583166256 220.511631646 3.32790861006
70 239.376588187 5.34727782341 317.014381335 4.36917890101 310.598999754 3.89614165588 218.437485073 4.28424835484
75 239.318208175 4.55148703016 328.771603073 4.41338363792 320.441062922 3.7198431372 212.019293182 3.79089609325
80 242.68492955 7.40575916259 338.670705186 4.35471812596 328.645906618 3.32880325412 216.834442233 3.98273237962
85 243.298368255 8.76987323822 346.890763364 4.21347466678 334.869221475 3.09109205327 219.288731042 5.15071693886
90 243.636779081 6.05840984947 353.700364897 4.0881111664 339.42237177 3.26737527868 221.274088208 3.75924734296
95 238.98848138 8.75734953145 359.417758092 3.94214755014 343.126250626 3.35373474569 223.577293368 3.91151597098
100 245.466735138 8.96264469785 364.184077863 3.77419376429 345.855327493 3.44008042568 223.869516981 4.71709712861
