5 12.36509 0.0 12.36332 0.39253 12.20311 0.38429 12.36441 0.39356 6.4274 0.0 6.4274 0.15459 6.37458 0.16163 6.42741 0.1546 6.23947 0.0 6.23948 0.21196 6.18979 0.21075 6.23948 0.21196 1.91219 0.0 1.91219 0.08697 1.91184 0.08703 1.91219 0.08697
10 24.47294 0.0 24.4592 0.75066 24.09096 0.71599 24.46598 0.75208 12.72984 0.0 12.7293 0.3114 12.61083 0.31188 12.72986 0.3115 12.36985 0.0 12.36988 0.43135 12.26373 0.4322 12.36988 0.43135 3.78228 0.0 3.78229 0.17403 3.77775 0.17356 3.78229 0.17403
15 36.56967 0.0 36.52285 1.10165 36.09832 1.05216 36.5515 1.10897 19.02374 0.0 19.02151 0.47284 18.89436 0.47921 19.02362 0.47299 18.52093 0.0 18.52065 0.65274 18.41054 0.65362 18.52102 0.65266 5.65364 0.0 5.65369 0.26346 5.64009 0.26212 5.65369 0.26346
20 48.5998 0.0 48.48097 1.42888 47.98687 1.49037 48.50288 1.41924 25.27454 0.0 25.26885 0.63624 25.0978 0.62979 25.26827 0.63715 24.63415 0.0 24.6322 0.88366 24.47143 0.88084 24.62869 0.88971 7.51467 0.0 7.51483 0.35271 7.4975 0.35056 7.51476 0.35275
25 60.53531 0.0 60.23139 1.68631 59.69503 1.66817 60.15703 1.73968 31.47865 0.0 31.47475 0.80006 31.3366 0.81714 31.46455 0.80594 30.62775 0.0 30.69056 1.13069 30.54451 1.11734 30.68089 1.11942 9.31708 0.0 9.35639 0.43832 9.3422 0.43718 9.35603 0.43887
30 72.39599 0.0 71.70703 1.89681 70.95784 2.01814 70.94417 1.99865 37.61048 0.0 37.6134 0.96455 37.43971 0.96763 37.57291 0.98123 36.27837 0.0 36.66336 1.38937 36.48216 1.36445 36.59932 1.36069 10.89662 0.0 11.18211 0.52229 11.16094 0.5199 11.18112 0.52223
35 84.15499 0.0 82.72267 2.04176 81.60338 2.28419 80.06545 2.13453 43.57112 0.0 43.65238 1.13873 43.46117 1.12792 43.22841 1.21659 40.93812 0.0 42.56716 1.64518 42.35272 1.62722 42.10385 1.5226 11.89928 0.0 12.99341 0.60757 12.96169 0.60616 12.98599 0.61216
40 95.67991 0.0 93.07759 2.15226 92.07966 2.38408 84.50693 3.01337 49.07105 0.0 49.59604 1.31805 49.3934 1.28706 48.44376 1.34614 43.62984 0.0 48.34891 1.8695 48.12787 1.84099 46.98401 1.72251 11.69106 0.0 14.79397 0.69357 14.75773 0.68787 14.77014 0.70438
45 107.33936 0.0 102.50049 2.29604 101.48706 2.44461 87.4774 2.7768 53.75483 0.0 55.39965 1.47261 55.23206 1.50262 52.57856 1.34012 41.77741 0.0 54.01448 2.08493 53.74897 2.09631 50.83234 1.98522 9.43795 0.0 16.58106 0.7781 16.52714 0.7732 16.4877 0.74919
50 118.51061 0.0 110.82417 2.50472 109.85995 2.7654 84.61675 2.47011 58.00645 0.0 61.01896 1.61233 60.83653 1.64232 55.00509 1.83401 38.96965 0.0 59.54295 2.28906 59.18081 2.30695 53.58162 2.0981 7.19679 0.0 18.34949 0.86124 18.28644 0.85832 18.11503 0.86441
55 129.63641 0.0 117.9286 2.76602 116.64285 3.13781 83.52756 3.12869 60.21862 0.0 66.42741 1.74102 66.28181 1.73842 57.45614 1.59331 32.77978 0.0 64.88986 2.48255 64.5358 2.54243 55.03515 1.50251 4.48364 0.0 20.10558 0.94358 20.03357 0.93804 19.64087 0.91657
60 140.34068 0.0 123.79404 3.01958 121.57833 3.07516 80.61496 3.24008 61.59703 0.0 71.57758 1.84765 71.39039 1.84131 57.7582 1.84514 25.34301 0.0 69.9761 2.68276 69.49601 2.80489 56.03493 1.40331 2.59467 0.0 21.85172 1.0276 21.75935 1.01968 20.95035 0.93026
65 151.25208 0.0 128.38216 3.30277 125.03513 3.05153 80.20085 2.92658 61.98284 0.0 76.42694 1.94684 76.23163 1.90239 60.0103 1.54912 19.63198 0.0 74.78548 2.85575 74.15937 3.02268 57.88214 2.14031 1.65151 0.0 23.58284 1.10761 23.47791 1.09711 22.41835 1.08011
70 161.90214 0.0 131.48863 3.53059 126.33543 3.56069 77.2759 3.43631 61.58056 0.0 80.9385 2.04175 80.59804 1.97083 59.79924 2.17771 14.98896 0.0 79.28763 2.988 78.52733 3.17656 57.8952 1.66299 0.90493 0.0 25.29962 1.18726 25.13821 1.1757 23.46714 0.97305
75 171.02031 0.0 133.26555 3.71554 126.3111 3.32685 71.67491 3.11876 56.89848 0.0 85.05857 2.10386 84.76898 2.00176 58.35893 2.47787 10.65021 0.0 83.44466 3.1026 82.55174 3.45111 57.64129 2.26038 0.74922 0.0 27.00283 1.26351 26.80924 1.24075 24.34416 1.10311
80 180.37298 0.0 133.90904 3.81148 125.2802 3.48454 73.1137 2.70613 53.89064 0.0 88.79649 2.14527 88.5343 2.04542 59.91137 2.23316 7.74633 0.0 87.27522 3.18578 86.34625 3.48101 58.3053 3.16932 0.67498 0.0 28.68996 1.33867 28.48515 1.32464 25.50406 1.10514
85 188.78224 0.0 133.64531 3.79547 123.17952 3.5871 70.67311 2.92195 48.73021 0.0 92.15365 2.19436 91.88861 2.09194 60.25083 2.39081 5.18843 0.0 90.73211 3.24551 89.68411 3.52626 61.36761 2.25305 0.59749 0.0 30.3597 1.41466 30.11699 1.41001 26.99717 1.22746
90 195.03116 0.0 132.75503 3.69477 120.5092 3.51164 71.37337 2.53455 44.12176 0.0 95.12891 2.23462 94.68977 2.11263 61.04904 2.5899 3.91964 0.0 93.8056 3.27808 92.48475 3.6106 60.66304 2.23282 0.56421 0.0 32.01083 1.49144 31.73866 1.48309 28.18863 1.19892
95 198.56628 0.0 131.51982 3.59582 117.68698 3.46225 70.79462 3.24405 36.7069 0.0 97.75478 2.26918 97.14422 2.03275 61.99627 2.0515 3.18875 0.0 96.50294 3.2936 94.96547 3.67311 61.76139 2.16807 0.52655 0.0 33.64022 1.56565 33.32958 1.56147 29.02502 1.4297
100 207.69763 0.0 130.05423 3.50519 115.00541 3.44658 69.82024 2.58852 34.36507 0.0 100.04568 2.29553 99.02831 2.0243 61.79251 3.21065 2.8758 0.0 98.82978 3.30526 96.94401 3.63752 62.17111 1.34558 0.52823 0.0 35.25438 1.63969 34.8776 1.64044 30.08565 1.4232
