5 13.0 0.0 13.0 4.84084 13.0 4.84084 12.65 4.96629 5.5 0.0 5.5 2.16932 5.5 2.16932 5.5 2.16932 6.5 0.0 6.5 3.11449 6.5 3.11449 6.5 3.11449 1.95 0.0 1.95 0.72613 1.95 0.72613 1.95 0.72613
10 20.0 0.0 20.0 5.54372 20.0 5.54372 19.1222 5.28416 13.0 0.0 13.0 3.71884 13.0 3.71884 13.0 3.71884 13.0 0.0 13.0 4.20373 13.0 4.20373 12.9133 4.15103 4.2 0.0 4.2 1.42825 4.2 1.42825 4.2 1.42825
15 34.0 0.0 34.0 8.85261 34.0 8.85261 30.4575 7.452 19.0 0.0 19.0 3.87069 19.0 3.87069 18.622 3.6045 19.5 0.0 19.5 4.26046 19.5 4.26046 19.1772 4.40096 5.85 0.0 5.85 1.40691 5.85 1.40691 5.85 1.40691
20 52.0 0.0 52.0 9.52165 52.0 9.52165 46.0704 8.55111 23.0 0.0 23.0 4.63821 23.0 4.63821 21.9933 4.37117 25.5 0.0 25.5 6.2674 25.5 6.2674 24.8376 6.58983 7.65 0.0 7.65 1.83367 7.65 1.83367 7.65 1.83367
25 59.0 0.0 59.0 12.53481 59.0 12.53481 48.0478 7.43605 28.0 0.0 28.0 4.63821 28.0 4.63821 25.764 4.92073 34.0 0.0 34.0 7.9374 34.0 7.9374 30.8052 8.03344 10.05 0.0 10.05 2.27921 10.05 2.27921 9.9746 2.33433
30 67.0 0.0 67.0 13.30781 67.0 13.30781 50.5422 7.32953 36.0 0.0 36.0 6.167 36.0 6.167 31.2352 6.3713 41.5 0.0 41.5 7.07367 41.5 7.07367 35.2539 7.93844 11.7 0.0 11.7 2.62303 11.7 2.62303 11.4975 2.72239
35 82.0 0.0 82.0 17.70521 82.0 17.70521 54.6111 8.95326 42.5 0.0 42.5 6.96421 42.5 6.96421 33.9637 7.10178 45.5 0.0 45.5 6.99174 45.5 6.99174 36.2756 7.70965 13.8 0.0 13.8 3.34695 13.8 3.34695 13.3882 3.42643
40 99.0 0.0 98.7708 22.43903 98.3587 21.87369 59.4765 11.61514 47.0 0.0 46.5621 7.9789 46.7522 8.02375 35.0239 7.94268 50.0 0.0 49.8694 6.75696 49.8139 6.9544 38.3848 7.736 16.05 0.0 16.05 3.69669 16.05 3.69669 15.3 3.71081
45 106.0 0.0 102.5595 20.02917 104.9348 21.13645 61.1453 11.21558 55.0 0.0 54.1888 10.01559 54.7522 10.05384 39.0676 8.75798 57.0 0.0 56.5771 8.18288 56.7982 8.27454 41.6281 8.82079 17.92083 0.0 17.9806 3.69046 18.0 3.67206 16.7239 3.58734
50 111.0 0.0 107.6261 18.14349 107.6164 18.47192 59.5372 11.15334 60.5 0.0 60.1825 9.21621 60.2347 9.14803 40.8746 7.40809 65.78333 0.0 65.7392 8.96848 65.0714 9.45952 45.4714 9.8966 19.01667 0.0 20.4 4.07802 20.4 4.07802 18.6207 3.91326
55 127.0 0.0 117.4833 18.78153 120.2198 18.0914 62.1103 9.4213 68.5 0.0 67.4497 9.18699 68.1047 9.41099 44.0599 8.07317 67.38472 0.0 68.6059 8.24749 68.0842 8.56357 45.0178 8.88585 17.47861 0.0 21.9937 4.07914 22.05 4.0322 20.0083 3.90553
60 136.0 0.0 119.6111 21.63195 125.8474 23.27734 62.5142 10.20823 75.59861 0.0 74.7223 11.14085 75.3068 10.92177 46.6608 8.96059 62.68594 0.0 75.1702 8.20071 74.2375 8.8218 48.0483 8.98878 16.06245 0.0 23.8492 4.65759 23.85 4.65691 21.4332 4.43646
65 145.0 0.0 122.2982 18.88167 129.0669 23.20183 63.4202 10.0059 80.14028 0.0 80.2246 11.07921 81.6172 10.77346 48.906 8.59658 57.27436 0.0 78.7349 8.85086 78.531 9.8305 48.7315 8.83557 12.76645 0.0 26.3439 4.85514 26.4 4.81658 23.5283 4.68503
70 156.95556 0.0 119.4088 21.44582 133.9931 24.95536 64.8703 12.09702 85.49317 0.0 83.6949 11.16968 87.3247 10.87435 50.2922 9.27834 49.8015 0.0 81.1801 8.42691 82.1137 10.67062 49.7815 9.40259 6.04553 0.0 28.4293 4.78182 28.4639 4.76297 24.763 4.56394
75 170.95556 0.0 120.9909 19.72023 134.6717 23.41273 65.5049 12.68415 85.31305 0.0 87.3938 11.41598 92.0487 11.77853 51.9467 9.87702 36.95616 0.0 82.7435 10.98549 85.9338 13.01948 51.7206 11.10708 3.49944 0.0 30.3066 5.09737 30.3769 5.14671 25.9758 4.80527
80 174.95556 0.0 111.6618 19.14714 129.4595 23.32882 62.6774 12.75982 89.11345 0.0 90.9006 12.01921 99.2363 12.15963 55.2546 10.34291 29.80275 0.0 83.68 9.60204 89.102 12.57064 51.7911 10.55894 2.03931 0.0 32.8274 5.46794 32.8851 5.46269 27.3258 4.88935
85 186.33449 0.0 107.8613 16.09134 129.1944 21.80592 61.3136 11.80604 85.63859 0.0 97.892 13.27006 105.2007 13.34449 58.1552 10.46339 18.1928 0.0 85.3793 8.7734 91.1344 11.38457 51.4785 10.39754 0.325 0.0 34.445 5.90713 34.6592 5.93772 28.2089 4.80553
90 199.85116 0.0 105.8497 15.30371 130.8999 20.6802 60.7801 10.71417 80.14631 0.0 101.3206 12.97327 110.4284 13.94897 60.9539 10.53623 16.86562 0.0 86.4067 9.74865 94.1167 12.32328 51.9879 10.23156 -0.0 0.0 36.0424 5.39653 36.2872 5.49648 29.2189 4.20919
95 209.56296 0.0 103.9297 14.1139 127.5402 17.66614 58.7539 10.56657 73.4488 0.0 104.7087 14.86332 114.4296 13.55104 61.2458 9.96525 13.36655 0.0 90.421 8.69799 97.075 12.04858 52.374 10.23623 -0.0 0.0 38.1253 5.65015 38.5135 5.4906 30.7668 4.37391
100 218.44954 0.0 101.2377 12.18536 126.3938 15.44256 57.5977 10.63076 75.70079 0.0 107.451 12.11357 119.4813 11.54332 61.7728 9.20603 10.34054 0.0 92.4791 10.45701 99.7584 13.57611 52.3515 10.7823 0.0 0.0 40.0561 5.431 40.4507 5.3979 32.0047 4.33035
