5 26.95 3.35912780346 26.95 3.35912780346 26.95 3.35912780346 26.6 3.5734406949
10 50.2 5.18233785082 50.2 5.18233785082 50.2 5.18233785082 49.2355 5.14070065352
15 78.35 5.9337361249 78.35 5.9337361249 78.35 5.9337361249 74.1067 5.71433726068
20 108.15 6.9255567574 108.15 6.9255567574 108.15 6.9255567574 100.5513 7.63213680007
25 131.05 9.0970713749 131.05 9.0970713749 131.05 9.0970713749 114.5916 7.65869105497
30 156.2 9.7283943999 156.2 9.7283943999 156.2 9.7283943999 128.5288 10.3140216606
35 183.8 13.6731600444 183.8 13.6731600444 183.8 13.6731600444 138.2386 9.8317741163
40 212.05 16.9850992226 211.2523 16.2406030226 210.9748 16.2413084936 148.1852 7.37686971794
45 235.920833333 15.8856527625 231.306 12.9804416304 234.4852 15.0574115329 158.5649 8.74438755645
50 256.3 15.3088422031 253.9478 13.6352256856 253.3225 15.1507343874 164.5039 9.83095774417
55 280.363333333 14.9237160574 275.5326 13.5810295244 278.4587 15.1928761859 171.1963 8.85845921933
60 290.346996803 17.7311331636 293.3528 14.4173441916 299.2417 19.0313588378 178.6565 8.67679616205
65 295.181093474 15.7474787518 307.6016 11.5315601713 315.6151 17.2936247849 184.586 7.90689524774
70 298.29575492 16.9755301695 312.7131 15.4477514841 331.8954 16.9771916328 189.707 8.92652186372
75 296.724210483 22.6814092028 321.4348 15.8059616732 343.0311 16.3407250228 195.148 9.28181766584
80 295.911070878 22.5856457694 319.0698 16.7219051554 350.6829 14.8275668477 197.0489 9.2574955474
85 290.490881834 24.9992571801 325.5776 14.3717918737 360.1887 14.3338537407 199.1562 9.87304295944
90 296.863089727 27.0818255665 329.6194 14.2177360153 371.7322 13.4780649882 202.9408 9.66267679672
95 296.378315045 29.2618578273 337.1847 10.4252920972 377.5583 13.0287773664 203.1405 10.6190976086
100 304.490874669 32.6157596664 341.2239 13.305010083 386.0842 12.7303622182 203.7267 10.5426460899
