5 12.62711 0.0 12.62711 0.54107 12.37086 0.5366 12.62711 0.54107 6.44397 0.0 6.44397 0.23282 6.33583 0.23107 6.44397 0.23282 6.33732 0.0 6.33732 0.24533 6.22768 0.23472 6.33732 0.24533 1.9178 0.0 1.9178 0.05105 1.90813 0.05056 1.9178 0.05105
10 25.02372 0.0 25.01549 1.07233 24.12113 0.98212 25.02372 1.07456 12.75973 0.0 12.75973 0.45561 12.42861 0.4272 12.75973 0.45561 12.54885 0.0 12.54885 0.49371 12.21546 0.47285 12.54885 0.49371 3.79702 0.0 3.79702 0.09901 3.68708 0.08547 3.79702 0.09901
15 37.42463 0.0 37.00916 1.48765 35.70621 1.61573 37.42463 1.62027 19.08229 0.0 19.08167 0.68202 18.72787 0.65884 19.08229 0.68162 18.76884 0.0 18.76833 0.7288 18.48666 0.69265 18.76884 0.72866 5.67745 0.0 5.67745 0.14872 5.4322 0.13653 5.67745 0.14872
20 49.75191 0.0 46.2363 1.46615 48.66608 2.14861 49.71253 2.12863 25.38085 0.0 25.33982 0.90639 24.88139 0.90797 25.3794 0.89996 24.93686 0.0 24.91538 0.94797 24.44592 0.91256 24.94981 0.95646 7.54139 0.0 7.54657 0.19848 7.15093 0.17394 7.54657 0.19848
25 62.03668 0.0 48.1805 1.23417 60.7291 2.57533 61.74285 2.55322 31.63667 0.0 31.20046 1.15013 30.98403 1.00217 31.6458 1.10879 30.9944 0.0 30.64656 1.05008 30.49396 1.21293 31.0885 1.1696 9.35025 0.0 9.40668 0.25018 8.87092 0.2383 9.40668 0.25018
30 74.2494 0.0 44.6497 0.94132 70.86308 2.59527 72.38539 2.73106 37.80359 0.0 35.48503 1.38747 37.45976 1.33852 37.86482 1.32251 36.60719 0.0 34.82649 0.97953 36.7963 1.38242 37.1791 1.37 10.80208 0.0 11.25897 0.30014 10.65317 0.29418 11.25798 0.30051
35 86.33772 0.0 40.66117 1.02262 76.57381 2.47086 78.82977 2.52289 43.78747 0.0 37.5475 1.58435 43.695 1.54584 43.84074 1.55771 40.40641 0.0 36.83361 0.93617 42.89551 1.53441 43.06224 1.51227 10.80702 0.0 13.10627 0.34975 12.564 0.32904 13.10596 0.34977
40 98.32323 0.0 38.4746 1.14025 76.72509 1.87802 79.76262 2.24595 49.27116 0.0 37.92671 1.67378 49.28658 1.70579 49.34366 1.79401 40.23951 0.0 37.2137 0.89585 48.36891 1.68722 48.26615 1.57144 8.76913 0.0 14.94457 0.40085 14.47445 0.38237 14.91396 0.4008
45 110.16991 0.0 37.49605 1.15706 73.17174 1.71739 76.87858 1.95601 53.621 0.0 37.56184 1.67134 53.72324 2.16456 53.78805 2.09008 35.68953 0.0 36.85261 0.86406 52.73071 1.531 52.73214 1.7314 5.90274 0.0 16.7727 0.45302 16.4529 0.49431 16.72824 0.45957
50 121.77659 0.0 36.81986 1.106 67.99842 1.41261 73.34402 1.86922 55.94617 0.0 37.00847 1.63657 57.59847 2.35343 56.98658 2.41358 28.27855 0.0 36.31516 0.8291 56.40404 1.66721 55.97336 1.68618 3.14602 0.0 18.58877 0.50468 18.16786 0.53019 18.40926 0.51747
55 133.08095 0.0 36.20902 1.07492 64.22333 1.62334 70.50467 1.93042 55.70472 0.0 36.41657 1.60725 59.50125 2.5798 58.8705 2.64429 20.10844 0.0 35.74157 0.80549 58.39414 1.50972 57.73448 1.29481 1.47602 0.0 20.39516 0.55534 20.02342 0.54913 20.12753 0.57884
60 143.94025 0.0 35.61892 1.04615 62.96112 2.02285 68.56606 2.27737 52.92598 0.0 35.82176 1.58251 60.63766 2.54637 59.51288 2.86706 13.1612 0.0 35.15227 0.78381 59.51354 1.55283 58.79336 1.67887 0.79085 0.0 22.19151 0.60468 21.6973 0.57776 21.77842 0.5598
65 154.05048 0.0 35.03406 1.01842 62.07569 1.84211 65.46347 2.3349 48.12395 0.0 35.23239 1.55668 61.28726 2.62869 61.19458 2.7955 8.32584 0.0 34.5684 0.76271 59.96505 1.6121 59.65983 1.56737 0.52869 0.0 23.96733 0.65287 23.37082 0.65506 23.44354 0.63974
70 163.36439 0.0 34.47153 0.99787 61.75723 2.02308 64.22973 1.90083 42.13987 0.0 34.66109 1.52678 61.36704 2.5635 61.26787 2.63798 5.22527 0.0 34.00492 0.75255 60.27392 1.47009 59.65249 1.56976 0.38956 0.0 25.67941 0.69614 25.06563 0.68395 25.14957 0.66264
75 171.69115 0.0 33.93494 0.98203 61.01394 1.96958 63.28849 2.10678 35.69245 0.0 34.13879 1.48594 60.99242 2.46943 60.92042 2.87834 3.44909 0.0 33.48873 0.74524 59.81573 1.32295 59.75093 1.54438 0.34566 0.0 27.26728 0.72278 26.78448 0.69047 26.6963 0.77975
80 179.02333 0.0 33.47019 0.97824 60.52291 1.8876 61.92396 2.33186 29.34362 0.0 33.68381 1.43872 60.61415 2.44598 60.68436 2.69965 2.53492 0.0 33.03983 0.75032 59.50178 1.38083 60.2021 1.62372 0.32758 0.0 28.64676 0.72785 28.61164 0.76884 28.01521 0.84449
85 185.30956 0.0 33.09865 0.97808 59.98606 1.84397 61.63886 1.38739 23.59391 0.0 33.32963 1.3938 60.29218 2.46657 60.83788 2.16039 2.05178 0.0 32.6808 0.75608 59.10922 1.36117 58.75785 1.11713 0.31798 0.0 29.74131 0.72995 30.35676 0.8398 29.73885 0.75464
90 190.31597 0.0 32.83703 0.97624 59.48929 1.79297 60.50133 2.17668 18.9362 0.0 33.07868 1.36247 59.78573 2.43432 60.11544 2.70775 1.74932 0.0 32.43361 0.76334 58.62446 1.34003 59.30878 1.64523 0.30728 0.0 30.51022 0.74017 32.09056 0.90892 31.18013 1.05129
95 194.34125 0.0 32.68202 0.97692 58.96891 1.7087 60.07313 2.08153 15.1321 0.0 32.93328 1.3452 59.34134 2.49442 60.05163 2.3492 1.57187 0.0 32.28888 0.76568 58.14291 1.27908 58.67063 1.9003 0.29312 0.0 30.96386 0.76699 33.78606 0.93108 32.35696 0.96278
100 197.55378 0.0 32.59361 0.97919 58.4472 1.67965 60.45891 1.852 12.08495 0.0 32.86035 1.33165 58.81763 2.47422 59.0787 2.40323 1.43924 0.0 32.2137 0.76791 57.63515 1.29208 58.37661 1.81083 0.28286 0.0 31.20776 0.78674 35.47247 0.97783 33.28696 1.11488
