5 27.3262032077 0.614650217156 27.3262032077 0.614650217156 26.8424973294 0.601043608138 27.3262032077 0.614650217156
10 54.1293136793 1.22760387879 54.1210886991 1.2260327097 52.4522766688 1.16615986223 54.1293136793 1.22760387879
15 80.9532125297 1.82933962964 80.5366162543 1.73447543265 78.35293772 1.86244639022 80.9532140304 1.82934026543
20 107.611006698 2.39795479634 104.038062622 1.66863164468 105.144325095 2.41019276544 107.588311082 2.38373509441
25 134.018004631 2.8839968391 119.434196456 1.16486893942 131.078009056 3.01006720567 133.883838152 2.83690639941
30 159.462254797 3.10217667126 126.220187161 0.644008491913 155.772318945 2.98494816305 158.687283363 2.96174089805
35 181.33862091 2.8501860083 128.148549559 0.354257591009 175.728320686 2.55157215467 178.838710143 2.51796535965
40 196.603034172 2.19650586025 128.559583063 0.22240906979 188.855029387 1.92651773596 192.286383579 1.9454293314
45 205.383182144 1.32302226882 128.683202876 0.162740297398 196.078586192 1.42985704706 200.127001722 1.24441402542
50 209.147336785 0.930920893173 128.732265503 0.153696991974 200.168783983 1.24422403161 204.713219884 0.911782775169
55 210.370128969 0.639164231201 128.762319342 0.154455862406 202.14213692 1.02633529277 207.237190802 0.54719640355
60 210.818266799 0.439096409273 128.784456493 0.155100097874 204.809623073 0.526724918336 208.650721516 0.514937697392
65 211.028960143 0.352734130014 128.802177953 0.156466713455 206.698825423 0.809135565329 209.761419189 0.4555906382
70 211.119091499 0.333283871322 128.816954384 0.157734271963 208.46382456 0.488059287946 210.299665045 0.395708991426
75 211.178339621 0.329188866814 128.829738454 0.157655107894 208.606567847 0.53970481967 210.656140271 0.413340715657
80 211.229451659 0.325191185449 128.840587006 0.156865051175 209.25048044 0.623377650528 210.825630888 0.361763153376
85 211.273236292 0.323881255479 128.850391071 0.155767112521 209.744227296 0.473756074215 210.973445819 0.345379032834
90 211.308770727 0.322831309903 128.85953673 0.154284888926 209.9900366 0.353324199664 211.105687004 0.374235776112
95 211.338334425 0.322574263448 128.868047941 0.15297865653 210.239217039 0.416427755091 211.152351379 0.347941596491
100 211.360830458 0.322036514118 128.875421022 0.151449095488 210.372438337 0.403552853766 211.20117144 0.347962157377
