5 0.0 0.0 0.0 0.0 0.0 0.0 -0.35 0.6508 0.0 0.0 0.0 0.0 0.0 0.0 0.0 0.0 0.0 0.0 0.0 0.0 0.0 0.0 0.0 0.0 0.0 0.0 0.0 0.0 0.0 0.0 0.0 0.0
10 0.0 0.0 0.0 0.0 0.0 0.0 -0.35 0.6508 0.0 0.0 0.0 0.0 0.0 0.0 0.0 0.0 0.0 0.0 0.0 0.0 0.0 0.0 0.0 0.0 0.0 0.0 0.0 0.0 0.0 0.0 0.0 0.0
15 0.0 0.0 0.0 0.0 0.0 0.0 -1.35 1.30049 0.0 0.0 0.0 0.0 0.0 0.0 0.0 0.0 0.0 0.0 0.0 0.0 0.0 0.0 0.0 0.0 0.0 0.0 0.0 0.0 0.0 0.0 0.0 0.0
20 0.0 0.0 0.0 0.0 0.0 0.0 -1.35 1.30049 0.0 0.0 0.0 0.0 0.0 0.0 0.0 0.0 0.0 0.0 0.0 0.0 0.0 0.0 0.0 0.0 0.0 0.0 0.0 0.0 0.0 0.0 0.0 0.0
25 0.0 0.0 0.0 0.0 -6.6004 6.03601 -1.35 1.30049 0.0 0.0 0.0 0.0 0.0 0.0 0.0 0.0 0.0 0.0 0.0 0.0 0.0 0.0 0.0 0.0 0.0 0.0 0.0 0.0 0.0 0.0 0.0 0.0
30 0.0 0.0 0.0 0.0 -31.4497 6.63841 -1.35 1.30049 0.0 0.0 0.0 0.0 0.0 0.0 0.0 0.0 0.0 0.0 0.0 0.0 0.0 0.0 -0.3 0.55783 0.0 0.0 0.0 0.0 0.0 0.0 0.0 0.0
35 0.0 0.0 -0.5496 0.83601 -50.2767 7.80578 -2.25 2.34074 0.0 0.0 0.0 0.0 -3.9698 1.70529 -0.7 0.71948 0.0 0.0 0.0 0.0 -4.2057 1.74582 -0.65 0.6471 -0.55 0.0 0.0 0.0 0.0 0.0 0.0 0.0
40 0.0 0.0 -5.8989 6.35913 -60.2909 9.55986 -6.0504 5.88783 0.0 0.0 0.0 0.0 -10.8774 2.04384 -1.015 0.70927 -3.6 0.0 0.0 0.0 -10.183 2.87255 -1.035 0.67571 -2.3 0.0 0.0 0.0 0.0 0.0 0.0 0.0
45 0.0 0.0 -22.7197 11.12048 -71.362 12.28153 -21.299 11.31685 0.0 0.0 -0.35 0.43409 -19.1238 2.5649 -1.015 0.70927 -13.3 0.0 -0.03 0.03969 -16.5191 3.41269 -1.035 0.67571 -9.8 0.0 0.0 0.0 0.0 0.0 0.0 0.0
50 0.0 0.0 -48.1997 11.4517 -83.6616 12.04279 -46.3779 11.08041 -2.1 0.0 -1.7246 1.03464 -26.3413 3.53806 -2.1974 1.48047 -31.8 0.0 -0.6261 0.45245 -25.0472 4.24189 -1.974 1.25728 -16.65 0.0 0.0 0.0 0.0 0.0 0.0 0.0
55 0.0 0.0 -69.2203 11.25466 -97.7887 13.89241 -65.9364 11.35681 -9.6 0.0 -5.6932 1.95754 -32.4468 4.53183 -6.2384 2.4627 -50.1 0.0 -3.7847 1.27462 -32.9526 4.45573 -6.5278 1.11947 -19.0 0.0 0.0 0.0 0.0 0.0 0.0 0.0
60 0.0 0.0 -81.6708 11.42512 -109.5574 14.45056 -78.8966 10.90542 -19.9 0.0 -12.0018 2.54085 -39.3699 5.3015 -12.0296 3.70993 -62.3 0.0 -10.2799 2.22259 -39.5221 5.18472 -13.0271 2.94239 -21.75 0.0 0.0 0.0 0.0 0.0 0.0 0.0
65 -1.0 0.0 -95.3781 14.08129 -123.7401 17.07218 -94.9474 13.5225 -34.1 0.0 -18.3975 2.76434 -45.5481 5.54802 -17.9999 4.12743 -71.65 0.0 -17.2789 2.19942 -46.2739 5.89743 -17.9173 3.33059 -24.3 0.0 0.0 0.0 0.0 0.0 -0.1892 0.19807
70 -1.0 0.0 -107.9546 14.36428 -136.3295 17.24579 -107.4223 14.08244 -47.2 0.0 -24.7439 3.04217 -51.9133 5.80792 -24.1885 3.70558 -81.75 0.0 -24.1076 2.79303 -53.0532 6.55256 -24.2612 3.95661 -26.85 0.0 0.0 0.0 0.0 0.0 -0.9342 0.61217
75 -6.8 0.0 -120.13 15.84333 -148.9339 19.05056 -119.7141 15.83434 -55.2 0.0 -30.5624 3.82712 -57.2895 6.33354 -29.8603 3.71757 -90.3 0.0 -31.0798 3.70905 -60.1183 7.26099 -30.5436 4.37651 -29.55 0.0 -0.08 0.14875 0.0 0.0 -1.7354 0.74028
80 -11.8 0.0 -130.8744 18.26891 -159.1185 21.77138 -130.3407 18.65568 -65.55 0.0 -37.8765 4.62293 -64.9391 7.01913 -36.3783 4.4001 -97.65 0.0 -38.046 5.03019 -67.2566 8.77858 -37.9638 5.67774 -31.8 0.0 0.0 0.0 0.0 0.0 -2.123 0.54693
85 -16.8 0.0 -142.296 20.33558 -170.0517 23.75234 -141.2515 20.98554 -74.9 0.0 -44.7265 4.47644 -71.6232 6.72162 -42.5015 4.90978 -108.3 0.0 -46.1545 5.64991 -76.1198 9.24805 -47.0185 6.50487 -33.3 0.0 -0.12 0.14875 0.0 0.0 -2.536 0.62059
90 -27.8 0.0 -160.7705 22.3115 -189.0876 25.48231 -160.3111 23.13634 -88.4 0.0 -51.3669 4.12288 -77.5208 6.06009 -48.2925 3.90015 -113.8 0.0 -52.4734 6.2907 -81.4324 9.73024 -52.9782 7.50397 -34.8 0.0 -0.18 0.17042 -1.2992 0.10505 -3.2204 0.86488
95 -36.6 0.0 -172.534 24.4132 -200.2624 27.67646 -171.9176 25.39327 -95.6 0.0 -57.2848 4.66962 -82.8096 6.58626 -53.9673 4.24149 -119.8 0.0 -59.2898 7.87789 -87.5312 11.58625 -58.9325 9.44344 -37.35 0.0 -0.24 0.18219 -3.2868 0.2675 -4.5401 1.3898
100 -44.8 0.0 -183.9267 25.63645 -210.54 28.9181 -182.5303 26.74772 -106.45 0.0 -65.9228 4.12259 -91.39 5.98455 -62.3826 4.05549 -125.75 0.0 -65.8171 8.52845 -93.24 12.12625 -64.8855 10.21322 -38.85 0.0 -0.18 0.17042 -5.18 0.33007 -6.0587 1.84628
