5 0.0 0.0 0.0 0.0 0.0 0.0 -0.35 0.650796742463
10 0.0 0.0 0.0 0.0 0.0 0.0 -0.35 0.650796742463
15 0.0 0.0 0.0 0.0 0.0 0.0 -1.35 1.30048621677
20 0.0 0.0 0.0 0.0 0.0 0.0 -1.35 1.30048621677
25 0.0 0.0 0.0 0.0 -6.6004 6.03600833209 -1.35 1.30048621677
30 0.0 0.0 0.0 0.0 -31.4497 6.63840665843 -1.65 1.30048621677
35 -0.55 0.836738668881 -0.5496 0.836013281946 -58.4522 9.01340842999 -3.6 2.05005131643
40 -5.9 6.35989043931 -5.8989 6.35912879818 -81.3513 10.4866914251 -8.1004 5.74813976975
45 -23.1 11.457872333 -23.0997 11.4585221318 -107.0049 11.9464437175 -23.349 11.3286440602
50 -50.55 12.482176557 -50.5504 12.4820036407 -135.0501 12.4845993716 -50.5493 12.4821117259
55 -78.7 13.6062686141 -78.6982 13.6039059558 -163.1881 13.6029068213 -78.7026 13.6064291554
60 -103.95 13.7936174951 -103.9525 13.7977221609 -188.4494 13.7933847966 -103.9533 13.7935289886
65 -131.05 16.1450055311 -131.0545 16.1488222115 -215.5621 16.1445246578 -131.0538 16.1456630124
70 -156.8 15.81611917 -156.8061 15.8130073552 -241.296 15.8084907747 -156.8062 15.8166197633
75 -181.85 16.1810138249 -181.8522 16.1816376795 -266.3417 16.1788131652 -181.8534 16.1782249576
80 -206.8 17.7118293126 -206.7969 17.7058637077 -291.3142 17.7065684249 -206.8058 17.7094684589
85 -233.3 19.2085999906 -233.297 19.2086460431 -317.7947 19.2080352341 -233.3075 19.2083064701
90 -264.8 20.5207413511 -264.7908 20.5185338333 -349.34 20.5207413511 -264.8022 20.5190476308
95 -289.35 21.7970374225 -289.3486 21.8015252504 -373.89 21.7970374225 -289.3575 21.7938082379
100 -315.85 20.9376489702 -315.8466 20.9356736091 -400.35 20.9376489702 -315.8571 20.9338774831
