5 0.1897046366 0.00687732908611 0.196645863461 0.00823250015658 0.649250161916 0.00960629436187 0.18964614471 0.006890178725
10 0.318347155777 0.0130918765884 0.327972370812 0.014010664314 0.778414815493 0.0110106537522 0.317749179828 0.0127971365265
15 0.433906239365 0.0171057645138 0.443520480087 0.0188652888425 0.828322316875 0.0124662329158 0.434271602806 0.0180645810449
20 0.549001157202 0.0254636245863 0.550403966587 0.0223019002707 0.858614444423 0.0120030785502 0.549589465352 0.0275874571414
25 0.657625077278 0.0261222796759 0.648569539131 0.0238358516969 0.889401119154 0.00732386085391 0.67017611127 0.0272297926131
30 0.75903841361 0.0290550531083 0.737109331972 0.0237166415163 0.914840201022 0.0076122811444 0.775720012189 0.0250516890919
35 0.842231922259 0.030010380683 0.812207981663 0.0224630336497 0.941515276675 0.00841376146089 0.867437517557 0.0260073664587
40 0.906476881961 0.0183505082295 0.87204067639 0.0192727367185 0.963178338876 0.00681796321243 0.92530068131 0.0172131515735
45 0.944703597114 0.0148693127294 0.91597069038 0.0159190263286 0.976001425059 0.00540592909409 0.964981406448 0.00881782356788
50 0.96941038523 0.00716595725307 0.945207719142 0.0115821746401 0.987274238975 0.00372136974166 0.977142172161 0.00498974683906
55 0.976582211363 0.00556123283776 0.963763879003 0.00862154882792 0.992821354866 0.00290986265876 0.979142397856 0.0039132962527
60 0.979716899603 0.00356495929473 0.974021713612 0.00635339459431 0.996038109893 0.00162467312635 0.980577743766 0.00281633717782
65 0.981430803417 0.00303601057258 0.979469784664 0.00452835840333 0.997590597317 0.000871825251793 0.981741892904 0.00278384414877
70 0.981978687168 0.00282871014723 0.982324207933 0.00356707787707 0.998056483399 0.000790404180868 0.982113499202 0.00280307554637
75 0.982526767269 0.0027487243781 0.983880723115 0.00322871046367 0.998434518455 0.000788563750238 0.982580026363 0.00274910108859
80 0.982862941832 0.00258695902125 0.984511530877 0.00313895144421 0.998696904024 0.000621290394228 0.982938383194 0.00255100620569
85 0.983089196123 0.00253023868132 0.984837371828 0.00311331542199 0.998733938651 0.000584490750066 0.983133298027 0.00253195720185
90 0.983179910422 0.00246420571139 0.985084329155 0.00306547800398 0.998763539264 0.000555300754218 0.983275284429 0.00251767579502
95 0.983357023303 0.00237650086545 0.985269219011 0.00303082306325 0.998779649907 0.00054624818905 0.983428296696 0.00254881213193
100 0.983380965237 0.0025825463372 0.985446543768 0.00299196413407 0.998801575481 0.000528761872131 0.983415022624 0.00266826005726
