5 0.0639414572839 0.0024516178738 0.0750400099606 0.00317919521545 0.248190691172 0.00286015226021 0.0639031833612 0.00246062827231
10 0.0822533673911 0.00391261823122 0.111624743678 0.00499447936974 0.249163101594 0.00452903248646 0.0820691065944 0.00376719665528
15 0.0908042808565 0.00463685061642 0.13762830111 0.0067124333776 0.226012868917 0.00578962127579 0.0912930474625 0.00535278286165
20 0.0939457955087 0.00496147327691 0.158898798738 0.00755704375025 0.204692012114 0.00503729538342 0.0950482427416 0.00593554006108
25 0.0935490164319 0.00387524848428 0.175666921802 0.00786887839191 0.186046225853 0.00477167358456 0.100857364905 0.00519023192274
30 0.0861345243177 0.00396309864893 0.188023808085 0.00767790438826 0.165979420583 0.00417408359029 0.100085705621 0.00448724452261
35 0.0721404912209 0.00419853534248 0.195279366488 0.00756516912571 0.147866231282 0.00470144830182 0.0972168110461 0.00474605115322
40 0.0536869760974 0.00664141933139 0.197052705524 0.00785647613484 0.132777000434 0.00601293482874 0.0898743534318 0.00370140187998
45 0.0345492948463 0.00630062976124 0.193314279339 0.0083399239419 0.115745697965 0.00459862418831 0.0773851750275 0.00351289312711
50 0.0181769098642 0.00469146027601 0.183963793089 0.00852989515396 0.0997793267357 0.00619076421518 0.0640324943966 0.00489015715486
55 0.00991158280677 0.00300499107306 0.171062988183 0.00926326699252 0.0835571398206 0.00628199546188 0.0518511552672 0.00517679692051
60 0.00607357723833 0.00183073561475 0.155081677832 0.0100674866424 0.0659083120286 0.00630916295027 0.0383929254434 0.00351893413637
65 0.00424813041603 0.00111608913941 0.137313945927 0.0107805588702 0.0503654897043 0.00505705905434 0.0279678056464 0.00281171369711
70 0.00325396959056 0.000598342972333 0.118965997969 0.0113127014392 0.0365146880684 0.00453968630654 0.0210375062835 0.00379591685945
75 0.00280035411762 0.000585478993497 0.100794236433 0.0115355488489 0.0273838267496 0.00426025963594 0.0156031222207 0.00252589965845
80 0.0027158254508 0.000575517707844 0.0840481461108 0.0113562496217 0.0202845899873 0.0042462349115 0.0115868512392 0.00190334466753
85 0.00290693483046 0.000562853087264 0.0691600353757 0.0106127787361 0.0147607317156 0.00255315892892 0.00891247699987 0.00222964654672
90 0.0025006428195 0.000523769124335 0.0563131915587 0.00961920010037 0.0108040322174 0.00201640923225 0.00704859577337 0.00141012881112
95 0.00262535161884 0.00063408115208 0.0454880967189 0.00841577489188 0.00830966401107 0.00132805958739 0.00694834495975 0.00148837744375
100 0.00270553684045 0.00061043352993 0.0363963202269 0.00715179049925 0.00655580074986 0.00127695119719 0.00504769530381 0.00100932914265
