5 -0.00291 0.0 -0.00468 0.00436 -0.16489 0.04802 -0.00359 0.00349 -1e-05 0.0 -1e-05 1e-05 -0.05283 0.00952 0.0 0.0 -1e-05 0.0 0.0 0.0 -0.04969 0.00442 0.0 0.0 -1e-05 0.0 0.0 0.0 -0.00035 0.00016 0.0 0.0
10 -0.00589 0.0 -0.01963 0.01604 -0.38787 0.06563 -0.01285 0.00989 -3e-05 0.0 -0.00057 0.00078 -0.11903 0.01831 -1e-05 1e-05 -3e-05 0.0 0.0 0.0 -0.10615 0.02448 0.0 0.0 -1e-05 0.0 0.0 0.0 -0.00454 0.00225 0.0 0.0
15 -0.01182 0.0 -0.05865 0.0382 -0.48317 0.09211 -0.02999 0.01519 -0.00034 0.0 -0.00257 0.00327 -0.12973 0.0114 -0.00046 0.00056 -9e-05 0.0 -0.00038 0.00039 -0.11048 0.01909 0.0 0.0 -4e-05 0.0 0.0 0.0 -0.0136 0.00402 0.0 0.0
20 -0.02171 0.0 -0.14054 0.073 -0.63464 0.10036 -0.11864 0.07659 -0.00115 0.0 -0.00684 0.006 -0.17789 0.03645 -0.00742 0.01066 -0.00071 0.0 -0.00265 0.00299 -0.16343 0.06214 -0.00616 0.0082 -0.00016 0.0 -1e-05 1e-05 -0.01733 0.00697 -7e-05 0.00014
25 -0.03994 0.0 -0.34386 0.16081 -0.88022 0.2054 -0.41821 0.26188 -0.01807 0.0 -0.02197 0.01237 -0.16011 0.03878 -0.03216 0.02679 -0.07705 0.0 -0.01424 0.01264 -0.1603 0.02503 -0.02391 0.02458 -0.03976 0.0 -0.00045 0.00084 -0.01465 0.00351 -0.00082 0.00151
30 -0.06232 0.0 -0.75128 0.30692 -1.50048 0.30677 -1.51414 0.53771 -0.07026 0.0 -0.06733 0.02715 -0.24102 0.06258 -0.10782 0.07793 -0.43812 0.0 -0.05313 0.03269 -0.23433 0.04753 -0.11716 0.07534 -0.28664 0.0 -0.00115 0.00212 -0.02231 0.00459 -0.00214 0.002
35 -0.11509 0.0 -1.54741 0.51216 -2.66669 0.34522 -4.20463 1.3275 -0.25245 0.0 -0.17119 0.0546 -0.36241 0.07636 -0.59516 0.34741 -1.75629 0.0 -0.12725 0.06055 -0.34169 0.08337 -0.59056 0.29075 -1.09652 0.0 -0.0024 0.00315 -0.03411 0.00699 -0.00981 0.01036
40 -0.36188 0.0 -2.9642 0.79009 -3.96213 0.49335 -11.53486 2.17627 -0.85819 0.0 -0.3332 0.10026 -0.53585 0.0853 -1.48549 0.37729 -4.98106 0.0 -0.26199 0.10195 -0.48303 0.09154 -1.62689 0.38609 -3.10847 0.0 -0.00556 0.00468 -0.0418 0.00997 -0.02939 0.01768
45 -0.39682 0.0 -5.23569 1.1236 -6.24912 0.81805 -20.25878 2.84059 -2.25144 0.0 -0.60663 0.16117 -0.77422 0.11222 -3.42771 0.57788 -12.71794 0.0 -0.48086 0.15415 -0.74637 0.14339 -3.663 0.35945 -7.1543 0.0 -0.01119 0.00822 -0.06511 0.00587 -0.10455 0.04526
50 -0.84162 0.0 -8.52806 1.49828 -9.49229 1.00346 -34.73548 2.43863 -4.03417 0.0 -1.02166 0.24063 -1.2041 0.13601 -7.03554 0.98657 -21.38425 0.0 -0.81095 0.21673 -1.1731 0.27032 -6.77229 0.8164 -11.17298 0.0 -0.02028 0.0134 -0.08333 0.01863 -0.25473 0.05014
55 -1.27531 0.0 -12.98312 1.89538 -14.26887 1.38505 -47.38416 3.74066 -7.82768 0.0 -1.61889 0.34251 -1.76449 0.22546 -10.59016 1.14168 -33.40791 0.0 -1.29782 0.29332 -1.65188 0.29732 -11.15253 1.56304 -15.65489 0.0 -0.03294 0.01976 -0.10495 0.02721 -0.49766 0.13631
60 -2.08972 0.0 -18.63636 2.28152 -20.85208 1.83001 -61.81544 4.3049 -12.40945 0.0 -2.42889 0.44102 -2.61608 0.27763 -16.24827 1.64434 -46.62953 0.0 -1.99644 0.36566 -2.47653 0.36207 -15.93762 1.65921 -19.30434 0.0 -0.04729 0.02667 -0.13967 0.02494 -0.94866 0.21406
65 -2.65854 0.0 -25.52846 2.66315 -28.8755 2.17104 -73.70978 3.64649 -17.91886 0.0 -3.47476 0.52214 -3.67007 0.40454 -19.8914 1.4557 -58.09048 0.0 -2.93698 0.44515 -3.56309 0.45007 -19.84033 1.40348 -21.99635 0.0 -0.06502 0.03368 -0.16995 0.03087 -1.22951 0.25713
70 -3.42016 0.0 -33.83367 2.99323 -38.98687 2.46914 -88.0464 5.10428 -24.18024 0.0 -4.8223 0.60605 -5.16276 0.55066 -25.96155 2.27257 -68.45723 0.0 -4.15855 0.54742 -4.91886 0.62329 -25.55098 2.24692 -24.48291 0.0 -0.08822 0.04081 -0.24963 0.03661 -1.9207 0.37764
75 -5.61877 0.0 -43.37354 3.32317 -50.32798 3.19785 -104.96417 3.59007 -34.67873 0.0 -6.51864 0.72139 -6.80822 0.64224 -33.21827 2.93328 -78.47477 0.0 -5.68031 0.67396 -6.57324 0.76327 -31.48368 2.50409 -26.37015 0.0 -0.11654 0.04892 -0.31013 0.03511 -2.77521 0.4115
80 -7.46877 0.0 -53.93271 3.65512 -62.56154 3.53658 -114.72805 4.72789 -43.44235 0.0 -8.5365 0.86102 -8.7987 0.83621 -37.42162 2.21025 -87.01525 0.0 -7.48636 0.81255 -8.41532 0.82663 -36.45627 2.29009 -28.16642 0.0 -0.15145 0.05749 -0.35625 0.05946 -3.33734 0.39912
85 -10.18823 0.0 -65.32516 3.9421 -75.79095 4.04212 -128.29736 5.44716 -54.31266 0.0 -10.88922 1.01143 -11.15427 1.05492 -42.79204 2.80022 -95.17594 0.0 -9.63226 0.96151 -10.68026 1.00037 -38.99675 3.10648 -29.95573 0.0 -0.19352 0.06601 -0.43623 0.08719 -3.55604 0.47005
90 -15.02167 0.0 -77.2978 4.23031 -89.54363 4.35813 -138.67946 4.76767 -64.59386 0.0 -13.58672 1.19127 -14.02586 1.2282 -47.66658 3.03515 -101.99802 0.0 -12.11206 1.13573 -13.43292 1.12198 -45.25462 2.75783 -31.68845 0.0 -0.24183 0.07444 -0.514 0.08938 -4.06402 0.46712
95 -22.4918 0.0 -89.53826 4.60358 -103.37109 4.71783 -150.26346 5.91847 -77.63758 0.0 -16.5897 1.37731 -17.20026 1.54571 -52.34821 2.88814 -108.22932 0.0 -14.91513 1.3341 -16.4526 1.41921 -49.65668 2.84422 -33.41141 0.0 -0.29774 0.08282 -0.60838 0.12591 -4.91295 0.52127
100 -24.3159 0.0 -101.9593 4.99124 -117.00812 5.04464 -162.19329 5.52821 -85.57325 0.0 -19.89263 1.55539 -20.91001 1.72458 -58.1458 3.18953 -114.00385 0.0 -18.04987 1.53236 -19.93564 1.67697 -54.70854 4.14174 -35.08689 0.0 -0.36074 0.09316 -0.73752 0.1422 -5.52947 0.67873
