5 -0.00293411601039 0.00290434386929 -0.00469167579764 0.00436264350179 -0.267759485291 0.0538864503838 -0.00359327348234 0.00348865349601
10 -0.00596520596445 0.00581206233229 -0.0202002360076 0.0162898216934 -0.61760087161 0.0889555674174 -0.0128565159378 0.00988775457278
15 -0.0122901180293 0.0104742211727 -0.0615935220968 0.0388213024223 -0.736977409247 0.0969502760235 -0.0304450723127 0.0153006523713
20 -0.0237370240264 0.0166220267406 -0.150034879449 0.075509754505 -0.993293657139 0.159238832447 -0.132293432116 0.0812569288462
25 -0.174813431532 0.138085887688 -0.380522883848 0.173925124656 -1.21527413205 0.233912319247 -0.475099581251 0.304871991933
30 -0.857341479243 0.402664041535 -0.872894904087 0.34175084419 -1.99814074283 0.342803482914 -1.74126392029 0.667099393613
35 -3.22034881339 1.13303371012 -1.84824606815 0.576220279543 -3.40489287808 0.404139656723 -5.40016231545 1.90389499398
40 -9.30960112773 2.3117654528 -3.56495295861 0.901486809706 -5.02279929034 0.561988932081 -14.6766227593 2.65928633735
45 -22.5204982962 2.36678391797 -6.33436382919 1.29081496951 -7.8348163002 0.944311858979 -27.4540471301 3.53778510144
50 -37.4330238534 3.98255054937 -10.3809556444 1.74743114155 -11.9528038685 1.13846254287 -48.7980387797 3.53513186285
55 -58.1657887888 5.97256528768 -15.9327816802 2.25357045277 -17.7901928702 1.64637151442 -69.6245129623 5.63771112156
60 -80.4330406181 5.26874456392 -23.1089778162 2.71200690289 -26.0843569838 1.99967227296 -94.9499979294 6.57520671664
65 -100.664231572 7.27938100228 -32.005230024 3.14461035842 -36.2786049982 2.42918989313 -114.671016495 5.25880086891
70 -120.540536803 7.96130244656 -42.9027436549 3.52140098408 -49.318125236 2.93310192985 -141.479639917 7.95019571811
75 -145.142418419 8.64961047789 -55.6890235214 3.9242404852 -64.0195636725 3.42476398917 -172.441333412 7.47857253764
80 -166.092789965 10.0116625728 -70.1070143292 4.38196308613 -80.1318128972 4.06206264644 -191.943277282 7.23462818214
85 -189.632559887 9.22565667926 -86.0401647777 4.82210495688 -98.0617066664 4.82553340842 -213.642197099 9.03745168075
90 -213.301996103 11.0572603817 -103.238410286 5.26421466183 -117.516403413 5.28512225587 -235.664686975 8.95675076902
95 -241.770105381 11.4639278775 -121.340828669 5.81249952321 -137.632336135 5.9831298284 -257.181293392 9.19977536969
100 -258.979883979 13.9056570423 -140.262541255 6.3921476611 -158.591291624 6.37712821279 -280.577102136 10.3961637493
