5 8.75 0.0 8.75 3.4265 8.75 3.4265 8.75 3.4265 7.4 0.0 7.4 3.82275 7.4 3.82275 7.4 3.82275 4.95 0.0 4.95 2.78033 4.95 2.78033 4.95 2.78033 5.1 0.0 5.1 3.91461 5.1 3.91461 4.75 3.79869
10 16.05 0.0 16.05 5.56006 16.05 5.56006 16.05 5.56006 12.2 0.0 12.2 6.12825 12.2 6.12825 12.2 6.12825 11.85 0.0 11.85 3.96398 11.85 3.96398 11.6667 3.83164 17.55 0.0 17.55 8.0937 17.55 8.0937 16.3792 7.32898
15 24.8 0.0 24.8 8.04579 24.8 8.04579 23.8792 8.09716 17.85 0.0 17.85 7.79214 17.85 7.79214 17.1472 7.82715 18.6 0.0 18.6 5.82387 18.6 5.82387 18.4167 5.65735 23.65 0.0 23.65 7.32061 23.65 7.32061 22.2597 6.4705
20 31.8 0.0 31.8 9.38572 31.8 9.38572 30.4938 9.17602 26.65 0.0 26.65 10.87495 26.65 10.87495 24.9795 10.975 26.65 0.0 26.65 9.56196 26.65 9.56196 25.8482 8.91358 30.7 0.0 30.7 9.82662 30.7 9.82662 27.7768 7.62955
25 37.25 0.0 37.25 9.00134 37.25 9.00134 35.3191 8.68379 33.75 0.0 33.75 10.41685 33.75 10.41685 31.0878 10.55612 35.3 0.0 35.3 10.39558 35.3 10.39558 31.1132 9.12905 36.25 0.0 36.25 11.3969 36.25 11.3969 30.626 7.62745
30 42.35 0.0 42.35 9.39784 42.35 9.39784 38.5116 8.27378 41.8 0.0 41.7611 10.69666 41.8 10.7239 36.0424 10.89401 40.75 0.0 40.75 10.6286 40.75 10.6286 32.495 8.04906 42.5 0.0 42.5 9.86641 42.3488 9.74009 35.4026 6.21724
35 49.8 0.0 49.8 11.31822 49.8 11.31822 40.6442 8.57903 50.7 0.0 50.7 10.48756 50.7 10.48756 38.7673 10.77976 47.0 0.0 47.0 12.07828 46.8542 11.96251 35.6038 9.541 50.0 0.0 50.0 10.91546 49.6693 10.69312 40.3472 6.16825
40 55.9 0.0 55.1338 10.33994 55.8194 10.87456 41.6541 7.60521 60.4 0.0 59.6812 11.33901 60.2047 11.37144 43.0986 10.29808 50.45 0.0 50.4247 12.00273 50.1758 11.80006 36.2504 9.26438 57.77986 0.0 58.4088 11.5957 57.5171 10.40351 42.3804 6.03659
45 64.95 0.0 63.5678 10.4621 64.6694 10.78655 43.8136 8.40525 64.2 0.0 62.8752 10.28147 63.5302 10.9488 42.2574 8.79018 59.2 0.0 57.6435 10.33777 57.8285 10.40749 40.4787 9.55457 63.46611 0.0 65.1497 11.63587 63.1152 9.5946 44.0738 6.34486
50 73.2 0.0 71.3148 12.34711 72.2114 12.59771 46.1891 8.14531 68.75 0.0 67.1105 12.56484 67.2119 12.58099 42.6993 8.36436 64.15083 0.0 61.2342 11.40084 62.4418 12.04593 42.5783 10.1875 66.46729 0.0 71.7861 12.96698 69.4816 11.24988 46.291 5.09151
55 77.15 0.0 71.4818 11.99497 74.9865 12.46195 45.1801 6.73047 75.2 0.0 71.3747 13.20134 72.3555 13.63234 44.0402 8.39989 70.44204 0.0 64.3718 10.50659 69.2361 13.41085 45.0561 10.30006 65.87924 0.0 76.8845 12.84429 76.537 11.65233 47.9692 4.57353
60 86.3 0.0 77.7367 12.23359 81.5897 12.48346 50.4149 7.4688 79.8 0.0 72.2181 13.19804 75.3633 12.83541 45.1264 7.29946 74.05598 0.0 66.4909 11.48945 73.3771 13.68855 46.8197 11.26877 57.83909 0.0 78.7658 12.52984 81.8977 12.33044 50.05 6.37712
65 94.75 0.0 81.5639 10.20792 85.2923 9.15871 54.0168 6.87918 88.6 0.0 77.2357 12.77207 81.7809 13.34932 48.4849 7.25566 80.89741 0.0 73.179 11.22104 79.6839 13.19247 48.0298 10.64212 40.82352 0.0 77.9587 10.96624 84.2071 12.06671 49.208 6.18511
70 101.15 0.0 80.6355 9.12762 87.1718 8.52225 54.3405 7.36854 95.0 0.0 77.1285 12.55489 84.3689 13.16471 49.632 7.47358 83.83784 0.0 76.5942 10.49049 84.0344 12.70628 47.8655 9.47919 23.16357 0.0 80.4982 12.5266 85.1896 11.39272 49.0614 5.91131
75 106.75 0.0 81.3756 8.33932 88.3407 8.6672 52.8503 6.6007 101.03333 0.0 81.2242 9.30518 86.8259 9.286 49.4626 6.17823 79.56683 0.0 78.6214 9.40767 86.9128 9.75787 47.9967 9.22691 11.09867 0.0 83.178 10.71334 90.9763 12.38669 50.9747 4.91675
80 113.55 0.0 81.6117 7.9497 90.0122 8.52285 53.7659 6.307 107.83611 0.0 81.4413 10.89681 89.3311 9.15741 50.1802 7.39078 72.90736 0.0 77.0116 8.66248 90.4599 6.98377 49.9033 8.64868 2.74342 0.0 83.8222 10.12696 92.3477 11.06086 50.6996 4.00145
85 120.35 0.0 79.6508 7.82947 90.9751 8.52002 52.4881 6.0454 113.77542 0.0 78.9756 10.75296 90.463 10.31092 50.7812 7.54437 66.80508 0.0 74.8077 6.35153 92.2985 7.89768 51.7971 9.03264 0.57781 0.0 83.0657 10.69821 93.1205 10.52252 50.6289 3.68986
90 126.3 0.0 83.2059 8.04413 91.75 9.32915 51.2907 5.48957 117.22451 0.0 81.1428 8.54985 91.6406 10.22351 50.9915 7.54793 59.68591 0.0 83.1221 7.71199 93.942 7.42791 51.3217 8.32171 0.0 0.0 82.5937 9.35552 95.0817 10.14171 51.6765 2.93049
95 135.05 0.0 86.0298 10.20608 95.4329 9.25609 51.5001 5.65041 126.14017 0.0 81.4472 10.00104 96.7722 10.51426 53.4481 7.24024 44.5459 0.0 81.4497 8.49816 94.1131 7.52015 50.7509 7.13548 -0.0 0.0 82.296 6.87463 93.6324 9.11711 50.3955 3.1075
100 137.15 0.0 80.0873 8.60556 92.6122 8.30768 49.6664 5.33625 136.89784 0.0 89.761 6.36511 102.0654 7.41992 56.1924 4.68436 40.76677 0.0 83.8689 11.35177 96.3769 8.56242 53.4241 7.23356 0.0 0.0 80.6212 7.87955 94.4825 9.60884 50.4478 2.86308
