5 26.2 3.3412107985 26.2 3.3412107985 26.2 3.3412107985 25.85 3.33214411453
10 57.65 6.52572573742 57.65 6.52572573742 57.65 6.52572573742 56.2959 6.10681583327
15 84.9 7.20389994378 84.9 7.20389994378 84.9 7.20389994378 81.7028 6.96551340914
20 115.8 10.0422030252 115.8 10.0422030252 115.8 10.0422030252 109.0983 8.9119891185
25 142.55 13.1593603036 142.55 13.1593603036 142.55 13.1593603036 128.1461 12.2584782635
30 167.4 15.0918727267 167.3611 15.0845188226 167.2488 15.0652173094 142.4516 12.7169274606
35 197.5 15.1884192726 197.5 15.1884192726 197.0235 15.1633986401 155.3625 10.0753877735
40 224.529861111 15.103269648 223.6485 14.4728998496 223.717 15.9219508213 163.3835 10.8373287881
45 251.816111111 14.4415423649 249.2362 15.85982538 249.1433 15.4354196609 170.6235 12.1664465843
50 272.568125 11.2906403698 271.4456 14.4425637594 271.3467 13.2143044265 177.7577 11.8882036603
55 288.671273148 11.4916984932 284.1128 10.0553964023 293.1151 10.9106028476 182.2456 11.8344208694
60 297.995076389 12.9877139881 295.2115 16.8024879206 312.2278 10.6541504322 192.411 12.7926101979
65 305.070929068 11.1857982821 309.9373 14.1104831971 330.9642 11.1339649962 199.7395 11.3761374786
70 303.151403604 15.8724014814 314.8564 18.2335243906 340.7647 9.82630177393 200.8994 12.4235216515
75 298.448834325 15.932028832 324.3992 16.2432315465 353.0557 6.84789130886 201.2843 11.8687246536
80 297.036891204 12.3716076815 323.8868 19.1974398827 362.1509 7.12472739859 204.549 12.724876562
85 301.508306187 10.5139375329 316.4998 12.9546658819 366.8571 6.4036363906 205.6953 12.4662531715
90 303.210424273 10.6830166197 330.0645 13.9009032791 372.4143 7.28396426282 205.2804 13.1632360116
95 305.736068673 10.5419547827 331.2227 19.8192091907 379.9506 7.20043016664 206.0946 11.8768070636
100 314.814616237 11.8693269649 334.3384 15.8205035622 385.537 7.83676778863 209.7307 10.6566909518
