5 0.00083 0.0 0.00167 0.0017 0.07432 0.01383 0.00083 0.00082 0.0 0.0 1e-05 3e-05 0.05267 0.00737 0.0 0.0 0.0 0.0 0.0 0.0 0.05058 0.00581 0.0 0.0 0.0 0.0 0.0 0.0 0.00287 0.00132 0.0 0.0
10 0.00168 0.0 0.00815 0.00608 0.16946 0.01932 0.00395 0.0025 1e-05 0.0 0.00091 0.00118 0.1095 0.01217 0.00012 0.00022 1e-05 0.0 0.0 0.0 0.10505 0.01775 0.0 0.0 1e-05 0.0 0.0 0.0 0.02195 0.00891 0.0 0.0
15 0.00331 0.0 0.0219 0.013 0.21132 0.03147 0.00824 0.0038 0.00062 0.0 0.00307 0.0037 0.12919 0.00986 0.00074 0.00104 2e-05 0.0 0.00095 0.00095 0.11698 0.01646 0.0 0.0 3e-05 0.0 0.0 0.0 0.05204 0.01418 0.0 0.0
20 0.00567 0.0 0.04945 0.0224 0.26537 0.04083 0.03514 0.02591 0.00069 0.0 0.00726 0.00594 0.16597 0.02989 0.00452 0.00479 0.00032 0.0 0.00383 0.00348 0.16254 0.04401 0.00215 0.00249 0.00014 0.0 0.00018 0.00034 0.06712 0.01972 0.00027 0.00049
25 0.0105 0.0 0.11213 0.0482 0.32925 0.04272 0.08933 0.04927 0.00792 0.0 0.01886 0.00921 0.15849 0.02614 0.01689 0.01286 0.02572 0.0 0.01361 0.0097 0.15004 0.02207 0.01209 0.01292 0.03044 0.0 0.00137 0.00255 0.06657 0.01281 0.00157 0.00288
30 0.0157 0.0 0.24515 0.08513 0.52374 0.08015 0.32653 0.10203 0.02837 0.0 0.05302 0.01885 0.22494 0.04283 0.0583 0.0299 0.14551 0.0 0.03759 0.01864 0.23173 0.04253 0.06038 0.03829 0.21968 0.0 0.00189 0.00309 0.0938 0.01614 0.00595 0.00431
35 0.03152 0.0 0.50264 0.13963 0.91024 0.0951 0.84123 0.23869 0.0953 0.0 0.12369 0.04055 0.32982 0.052 0.25923 0.13334 0.55307 0.0 0.08241 0.03276 0.30332 0.05462 0.27113 0.11638 0.81762 0.0 0.00534 0.00409 0.14052 0.02543 0.02503 0.02297
40 0.08579 0.0 0.95908 0.21054 1.32511 0.13546 2.06954 0.33992 0.28591 0.0 0.22582 0.06493 0.44418 0.05619 0.6706 0.15129 1.48315 0.0 0.17015 0.05559 0.42163 0.06332 0.71398 0.15507 2.2606 0.0 0.01558 0.01053 0.17073 0.03067 0.06747 0.03344
45 0.10062 0.0 1.62536 0.27949 2.07667 0.22534 3.59772 0.44614 0.81569 0.0 0.40703 0.09517 0.61135 0.05967 1.38466 0.21253 3.55318 0.0 0.32284 0.07892 0.61779 0.09084 1.45229 0.1448 5.079 0.0 0.03222 0.02348 0.26376 0.03007 0.18003 0.06498
50 0.19702 0.0 2.52263 0.34974 3.12388 0.24062 5.91199 0.33595 1.38453 0.0 0.67353 0.12812 0.9149 0.0733 2.7939 0.30143 5.71741 0.0 0.54171 0.10961 0.92123 0.17654 2.56632 0.31824 7.78958 0.0 0.0554 0.03553 0.32769 0.06486 0.44583 0.07721
55 0.29273 0.0 3.69598 0.4261 4.60094 0.32949 7.89845 0.52703 2.50833 0.0 1.07126 0.17092 1.27956 0.10572 4.11189 0.36916 8.49176 0.0 0.87995 0.14214 1.24747 0.15736 4.06278 0.49906 10.74003 0.0 0.08037 0.04619 0.41938 0.08308 0.81638 0.21011
60 0.45963 0.0 5.10983 0.4858 6.47103 0.44075 9.9404 0.54417 3.94148 0.0 1.59203 0.1958 1.85692 0.14686 6.04949 0.61137 11.14337 0.0 1.35124 0.1886 1.77225 0.17859 5.80442 0.5747 13.07919 0.0 0.10791 0.05636 0.5487 0.07289 1.45272 0.33048
65 0.60917 0.0 6.73824 0.51975 8.69727 0.4635 11.74172 0.45179 5.59827 0.0 2.2725 0.22337 2.54706 0.20558 7.4204 0.61227 13.25488 0.0 1.97312 0.24395 2.43434 0.20634 7.14726 0.5111 14.79286 0.0 0.14806 0.06434 0.675 0.06952 1.91932 0.35604
70 0.77857 0.0 8.60098 0.54226 11.15555 0.4657 13.53455 0.70379 7.24431 0.0 3.14855 0.27892 3.44144 0.26856 9.4085 0.83595 15.12072 0.0 2.78955 0.31353 3.23037 0.29376 9.06696 0.75037 16.37588 0.0 0.20088 0.07228 0.90208 0.09179 2.8421 0.43269
75 1.26437 0.0 10.58469 0.55967 13.39234 0.54593 15.46944 0.5049 9.78389 0.0 4.23202 0.35169 4.4462 0.36619 11.6225 0.82605 16.75912 0.0 3.77261 0.38767 4.17422 0.32187 11.29356 0.83037 17.61516 0.0 0.26626 0.08466 1.031 0.1115 3.92145 0.47312
80 1.60606 0.0 12.58163 0.57319 15.60413 0.57927 16.71467 0.55021 12.10074 0.0 5.4837 0.42519 5.61876 0.49087 13.16529 0.73819 18.13892 0.0 4.92874 0.46016 5.30625 0.38643 12.71166 0.67675 18.80335 0.0 0.34389 0.09493 1.15104 0.17088 4.61441 0.41802
85 2.23472 0.0 14.56602 0.59953 17.56206 0.6239 18.20911 0.67563 14.44135 0.0 6.89699 0.51391 7.08931 0.60186 14.74315 0.79109 19.47497 0.0 6.31865 0.57025 6.68881 0.52325 13.85622 1.05384 19.99305 0.0 0.43986 0.10659 1.3054 0.23082 4.93926 0.6739
90 3.17529 0.0 16.45105 0.65016 19.39245 0.6125 19.46784 0.61045 16.45194 0.0 8.46999 0.61874 8.94776 0.7422 16.38173 0.81005 20.67294 0.0 7.8794 0.70622 8.54506 0.67829 15.77192 1.03266 21.1393 0.0 0.54756 0.11609 1.53253 0.24391 5.51114 0.4999
95 4.57853 0.0 18.2189 0.7146 21.00972 0.63199 20.75498 0.65516 18.64503 0.0 10.13182 0.67565 11.05405 0.98891 17.83989 0.77137 21.84901 0.0 9.58645 0.78831 10.53632 0.90666 17.03526 1.00064 22.28063 0.0 0.66221 0.12793 1.74644 0.31655 6.65398 0.51012
100 4.93051 0.0 19.90405 0.76601 22.42441 0.65909 22.10812 0.68017 20.31978 0.0 11.93017 0.73416 13.35067 1.04664 19.47229 0.75184 22.94618 0.0 11.41591 0.85649 12.83868 1.02737 18.77818 1.17139 23.39995 0.0 0.79001 0.13672 2.06772 0.34907 7.10002 0.7129
