5 0.000838894895748 0.00655641689507 0.00168722305544 0.00731702726564 0.180436816367 0.00784730079743 0.000830845707645 0.00675346325417
10 0.00170762729572 0.0111291774779 0.00905556473756 0.0123786426675 0.405960573183 0.00867505017036 0.0040697184531 0.0115287204373
15 0.00397861962562 0.0116543914808 0.025918134679 0.016530610983 0.509535281562 0.00784799342246 0.00898246351648 0.0118391722505
20 0.0068207436518 0.0174106598374 0.0607261405634 0.0202007632332 0.661007751379 0.00970128354506 0.0420743933062 0.0173411713515
25 0.0745815984504 0.0190984637765 0.145977538169 0.0207671858604 0.704352136675 0.00584316738826 0.119886093013 0.0207232551948
30 0.40926721039 0.0162606444499 0.337648020987 0.019555235234 1.07420910589 0.00843192085016 0.451160159542 0.0198323108039
35 1.49751614253 0.012493526371 0.714075749609 0.0162868068083 1.68389242952 0.0055260851421 1.39662866424 0.0153567451577
40 4.11545051282 0.0102248659972 1.3706262597 0.0127985240536 2.3616511887 0.00518832516348 3.521594164 0.0142315085412
45 9.54849155171 0.00873616804052 2.38744874775 0.0105478231304 3.56955900472 0.00435081074773 6.6146997516 0.00947731145956
50 15.0885386331 0.00625861564555 3.79326513207 0.0088622881271 5.28770109909 0.00329331072745 11.7180508572 0.00738736581419
55 22.0328428973 0.00698536714564 5.72755227567 0.00725355291824 7.54735118793 0.00210093451184 16.8895053972 0.00649837406063
60 28.6236649371 0.00393914732616 8.16101740048 0.00611297406326 10.6488970921 0.00131155023524 23.2470214708 0.00374429793578
65 34.2551732678 0.00376343734875 11.1319136449 0.00544116203506 14.3536667063 0.000972736779925 28.2286905821 0.00346064089451
70 39.5194786548 0.0034172991702 14.7399667645 0.00471737798049 18.7294425882 0.00103184360173 34.8521062528 0.00345273474693
75 45.4225414168 0.0033142180599 18.8555872024 0.00425955983548 23.0437516371 0.000989284095333 42.3069434686 0.00313151774207
80 50.6490800659 0.00308734875977 23.3379549985 0.0039397413392 27.6801671136 0.000957746794982 47.2060232306 0.00311423666864
85 56.1440978328 0.00289409640647 28.221516021 0.00374567869748 32.6455836711 0.000941892919853 51.7477366515 0.00288778929783
90 61.4394573727 0.00299710086178 33.3480028877 0.00360868102357 38.4177891016 0.000943182133843 57.1326326603 0.00300162165007
95 67.3532132402 0.00301672605793 38.5993671541 0.00350898330873 44.346533487 0.000942118581989 62.2841114534 0.00299499923389
100 71.5964248912 0.00314588993361 44.0401431105 0.00341394296648 50.6814776942 0.000941046250382 67.4586156308 0.00314437327763
