5 -0.00733967257041 0.00613326076768 -0.0113317968956 0.00899409145092 -0.276571101422 0.0495270697162 -0.00910980579119 0.00686695480661
10 -0.0159092599431 0.0124376355125 -0.0316896900952 0.0231654298595 -0.639994088755 0.0977526736223 -0.0232694269065 0.0162527183505
15 -0.0482669302851 0.0248364209941 -0.0753913418307 0.0430139979843 -0.847074017704 0.166514211818 -0.0528694421755 0.0303102657528
20 -0.130029656656 0.0599715860868 -0.167663037941 0.0844511287327 -1.25080236842 0.25684504673 -0.245845714432 0.107509807261
25 -0.614469639229 0.386074163495 -0.368313161723 0.156952562961 -1.73439366347 0.208135013363 -1.35699042952 0.783251834602
30 -3.39237884242 1.65772897842 -0.843415426586 0.248279176649 -2.72495428247 0.340762167685 -3.20199162594 1.2029385991
35 -9.25462271193 2.94049951428 -1.82129812792 0.387419547349 -4.36113965581 0.684126883981 -9.36704237686 3.12820680009
40 -20.5010451981 4.88096472053 -3.63357516119 0.687050393286 -7.59541712733 1.12306867375 -17.9302455273 4.94954354916
45 -39.7886830563 8.77212054787 -6.63808088579 1.17693506568 -11.6651782367 1.92798581032 -37.2034258478 5.60357273799
50 -62.5304108939 8.2320990092 -11.1441443426 1.90853434405 -18.1830996024 2.7980966689 -58.2808898623 9.57475714222
55 -85.4853197189 11.3407309096 -17.5360662286 2.85207295146 -26.6130755013 3.97412574722 -78.4246964508 9.71918363975
60 -110.253021358 10.0201687837 -26.01133096 3.9086178947 -36.6926106079 5.03582195882 -105.78533337 8.39316178567
65 -134.91189145 12.0632256988 -36.586544305 4.99876471659 -49.7026309911 6.34686309192 -135.130277252 9.64061721845
70 -162.36735047 11.8520608205 -49.130438615 6.14533630447 -64.2948413114 7.72356360314 -158.269377874 12.4232611435
75 -184.231711846 13.2255808009 -63.4315862912 7.3973133188 -80.7208113581 8.66672125481 -184.990235827 11.7653601442
80 -208.55724239 13.8495646342 -79.3828907623 8.75040516365 -99.173744705 10.0640784212 -204.584270096 13.2830706881
85 -229.200964614 13.9658782489 -96.8401022658 10.1223649405 -118.289054803 11.3641628817 -231.33737605 14.1318468837
90 -254.281248691 14.9959971101 -115.489499361 11.4599621624 -139.460585225 12.4377547424 -254.665820071 13.4629290711
95 -278.812091563 15.0120141335 -135.08494178 12.7923356554 -160.775496452 13.7183640048 -277.430156559 13.7671688023
100 -305.016897637 16.2244215169 -155.410890854 14.0478710732 -182.706347756 14.5267577964 -302.349475918 16.4061706527
