5 -0.00021 0.0 -0.00042 0.0005 -0.07174 0.01701 -0.00024 0.00045 -0.0038 0.0 -0.00428 0.00576 -0.07639 0.01615 -0.00383 0.00502 -0.00073 0.0 -0.00319 0.0058 -0.07039 0.02217 -0.00236 0.00299 -0.0026 0.0 -0.00344 0.00532 -0.05805 0.01578 -0.00269 0.00489
10 -0.00053 0.0 -0.00335 0.003 -0.15861 0.02924 -0.00104 0.00129 -0.00786 0.0 -0.00993 0.01331 -0.18758 0.06108 -0.00936 0.01263 -0.00148 0.0 -0.00921 0.01486 -0.1341 0.01703 -0.00655 0.00851 -0.00605 0.0 -0.0092 0.01254 -0.1597 0.0297 -0.00632 0.01019
15 -0.0009 0.0 -0.01333 0.00912 -0.22449 0.04786 -0.00328 0.00285 -0.02135 0.0 -0.02318 0.02557 -0.23547 0.07337 -0.01613 0.01743 -0.01076 0.0 -0.02179 0.02397 -0.21105 0.06617 -0.02254 0.01652 -0.01526 0.0 -0.01709 0.02191 -0.17606 0.03433 -0.01092 0.01742
20 -0.00276 0.0 -0.03494 0.02278 -0.3509 0.11553 -0.05928 0.04314 -0.02756 0.0 -0.05222 0.04333 -0.31807 0.09499 -0.08099 0.05495 -0.03084 0.0 -0.04646 0.04039 -0.30545 0.11621 -0.08122 0.03376 -0.06886 0.0 -0.03404 0.03679 -0.27638 0.06809 -0.02435 0.02464
25 -0.00372 0.0 -0.08226 0.03655 -0.46749 0.09377 -0.37911 0.24745 -0.0546 0.0 -0.11192 0.06759 -0.41483 0.10671 -0.32069 0.1346 -0.15131 0.0 -0.10274 0.06722 -0.41878 0.08629 -0.34086 0.25861 -0.40485 0.0 -0.07139 0.05512 -0.4333 0.10471 -0.31633 0.28081
30 -0.01317 0.0 -0.1931 0.05429 -0.709 0.19113 -0.83228 0.45746 -0.11781 0.0 -0.2506 0.09351 -0.703 0.1833 -0.76533 0.25815 -0.7716 0.0 -0.21855 0.10497 -0.67896 0.18875 -0.78893 0.32736 -2.4898 0.0 -0.18116 0.08906 -0.63399 0.10433 -0.81546 0.30792
35 -0.00539 0.0 -0.4156 0.09013 -1.07052 0.22417 -2.12501 0.80889 -0.20019 0.0 -0.51651 0.12973 -1.14848 0.32642 -2.43418 0.70231 -1.80921 0.0 -0.46439 0.16292 -1.08762 0.28018 -2.16863 0.9004 -7.23984 0.0 -0.4248 0.1537 -1.05452 0.21188 -2.63922 0.94954
40 -0.02806 0.0 -0.82617 0.1542 -1.9328 0.33111 -4.65769 1.40449 -0.43103 0.0 -0.96933 0.20287 -1.95589 0.43869 -4.31521 1.25826 -4.549 0.0 -0.93198 0.29271 -1.84883 0.52942 -4.3741 1.45021 -15.49296 0.0 -0.90611 0.24868 -1.8579 0.29852 -4.58324 1.11065
45 -0.033 0.0 -1.51788 0.26308 -2.82859 0.46447 -8.75988 1.67913 -1.08534 0.0 -1.72682 0.32996 -3.01703 0.6535 -8.83778 1.66395 -10.06396 0.0 -1.69721 0.50803 -2.83509 0.81683 -9.60791 1.87214 -28.60637 0.0 -1.69617 0.38109 -2.98447 0.46675 -9.99786 1.81316
50 -0.05414 0.0 -2.53395 0.42931 -4.25515 0.64725 -14.16071 2.34606 -2.32025 0.0 -2.84069 0.49394 -4.68733 0.9056 -15.23621 2.87534 -16.54073 0.0 -2.86503 0.82285 -4.5063 1.16118 -13.76587 2.75172 -43.61529 0.0 -2.90447 0.57989 -4.73433 0.70376 -15.1181 2.30248
55 -0.07699 0.0 -4.04407 0.63878 -6.42139 0.84889 -19.79545 3.09168 -3.62571 0.0 -4.378 0.66502 -6.71295 1.2662 -19.46054 2.1989 -24.41109 0.0 -4.51332 1.20605 -6.56604 1.59855 -19.42378 2.97951 -57.37153 0.0 -4.60068 0.85112 -6.91269 0.97994 -19.74493 2.84432
60 -0.10617 0.0 -6.04716 0.89546 -8.78734 1.10703 -26.62467 2.85048 -5.03766 0.0 -6.38727 0.89511 -9.17735 1.60088 -26.19352 2.77088 -34.27968 0.0 -6.69749 1.63335 -9.01203 1.99193 -25.66844 2.99246 -70.8295 0.0 -6.8794 1.14587 -9.71589 1.30182 -27.2987 2.4924
65 -0.18776 0.0 -8.55047 1.17501 -11.80275 1.37764 -33.87733 2.41783 -7.89795 0.0 -8.91639 1.15908 -12.44573 1.87705 -33.06775 3.09859 -45.85448 0.0 -9.42848 2.09847 -12.41876 2.50487 -33.25206 3.41593 -80.97169 0.0 -9.6912 1.43473 -13.03539 1.60687 -34.93313 2.64141
70 -0.32125 0.0 -11.55871 1.45921 -15.34361 1.75156 -39.78653 3.29207 -12.78101 0.0 -11.95804 1.47463 -16.02987 2.3771 -38.49962 3.59169 -58.95161 0.0 -12.59665 2.60688 -15.99445 2.97309 -39.08362 4.48403 -90.31348 0.0 -13.01704 1.75666 -16.92692 1.86563 -40.8996 3.55281
75 -0.2913 0.0 -15.04231 1.7597 -19.22888 2.02852 -47.23087 3.72971 -16.17631 0.0 -15.45291 1.83066 -20.21678 2.73269 -45.39889 3.55774 -68.89353 0.0 -16.16745 3.13932 -19.81216 3.49706 -44.25048 4.42595 -98.87058 0.0 -16.76891 2.10439 -21.46299 2.1421 -48.11 3.11934
80 -0.46635 0.0 -18.9757 2.09952 -24.03267 2.36031 -51.19544 3.24785 -21.27961 0.0 -19.37809 2.24494 -24.73471 3.00159 -49.75492 4.4564 -80.68654 0.0 -20.09945 3.70455 -24.36868 4.04175 -50.06924 5.53262 -106.12474 0.0 -20.92964 2.46028 -26.03769 2.75501 -53.56467 3.9834
85 -0.49988 0.0 -23.32068 2.45903 -28.73327 2.63252 -58.99851 4.96045 -26.75327 0.0 -23.66833 2.70895 -29.27002 3.43911 -56.73693 4.92388 -89.2171 0.0 -24.39909 4.28218 -29.11095 4.61894 -55.73218 5.33711 -112.7307 0.0 -25.452 2.80017 -31.17481 3.07695 -59.86976 4.21051
90 -0.72329 0.0 -28.01155 2.82663 -34.17059 2.98184 -63.31674 4.09516 -33.94282 0.0 -28.26275 3.17608 -34.47228 3.86948 -62.48249 4.68639 -99.83237 0.0 -28.94666 4.84301 -34.27411 5.11474 -62.55161 5.40531 -119.78277 0.0 -30.26854 3.12703 -36.54362 3.35416 -66.31498 4.64892
95 -0.87912 0.0 -32.91723 3.18673 -39.69672 3.33879 -70.52951 4.55964 -42.90291 0.0 -33.1215 3.66519 -39.50355 4.27492 -67.42301 4.85449 -108.92949 0.0 -33.69957 5.3883 -39.42665 5.58571 -68.45448 5.88295 -126.10057 0.0 -35.34664 3.4591 -42.14858 3.79847 -71.02315 4.07207
100 -1.37178 0.0 -38.0389 3.5396 -45.00462 3.65504 -74.9956 5.51352 -53.18873 0.0 -38.16814 4.14232 -44.93433 4.78742 -74.31189 5.38163 -118.09297 0.0 -38.59896 5.85998 -44.77228 5.88325 -75.08827 5.94677 -132.36342 0.0 -40.60489 3.80997 -47.99512 4.05277 -77.95372 5.04761
