5 0.0 0.0 0.0 0.0 0.0 0.0 0.1 0.18594 0.0 0.0 0.0 0.0 0.0 0.0 0.0 0.0 0.0 0.0 0.0 0.0 0.0 0.0 0.0 0.0 0.0 0.0 0.0 0.0 0.0 0.0 0.0 0.0
10 0.0 0.0 0.0 0.0 0.0 0.0 0.2 0.24792 0.0 0.0 0.0 0.0 0.0 0.0 0.0 0.0 0.0 0.0 0.0 0.0 0.0 0.0 0.1 0.18594 0.0 0.0 0.0 0.0 0.0 0.0 0.0 0.0
15 0.0 0.0 0.0 0.0 0.0 0.0 0.8 0.60728 0.0 0.0 0.0 0.0 0.0 0.0 0.3 0.28403 0.0 0.0 0.0 0.0 0.0 0.0 0.3 0.28403 0.0 0.0 0.0 0.0 0.0 0.0 0.0 0.0
20 0.0 0.0 0.0 0.0 0.0 0.0 1.5 0.63511 0.0 0.0 0.0 0.0 0.0 0.0 0.7 0.6229 0.0 0.0 0.0 0.0 0.0 0.0 0.5 0.41578 0.0 0.0 0.0 0.0 0.0 0.0 0.0 0.0
25 0.0 0.0 0.0 0.0 0.0 0.0 2.7 1.35934 0.0 0.0 0.0 0.0 0.0 0.0 1.4 1.00707 0.0 0.0 0.0 0.0 0.0 0.0 1.5 0.88743 0.0 0.0 0.0 0.0 0.0 0.0 0.1 0.18594
30 0.0 0.0 0.0 0.0 0.0 0.0 3.6 1.57289 0.0 0.0 0.0 0.0 0.0 0.0 2.7 1.38731 0.0 0.0 0.0 0.0 0.0 0.0 2.8 1.26416 0.0 0.0 0.0 0.0 0.0 0.0 0.5 0.41578
35 0.0 0.0 0.0 0.0 0.0 0.0 5.7 1.9013 0.0 0.0 0.0 0.0 0.0 0.0 4.1 1.42555 0.0 0.0 0.0 0.0 0.0 0.0 3.6 1.30601 0.0 0.0 0.0 0.0 0.0 0.0 0.9 0.51485
40 0.0 0.0 0.3 0.55783 0.6 0.92764 7.5 2.7475 0.0 0.0 0.3 0.55783 0.2 0.37188 5.0 1.51821 0.0 0.0 0.1 0.18594 0.1 0.18594 4.2 1.2334 0.0 0.0 0.0 0.0 0.0 0.0 2.1 0.6471
45 0.0 0.0 0.9 1.31335 1.1 1.65036 8.3 2.71656 0.0 0.0 0.6 0.92764 0.2 0.37188 6.2 1.46148 0.0 0.0 0.3 0.55783 0.1 0.18594 5.4 1.2458 0.1 0.0 0.1 0.18594 0.0 0.0 2.7 0.9622
50 0.0 0.0 1.4 1.75745 1.5 1.62219 9.4 2.54347 0.0 0.0 0.5 0.63511 0.2 0.37188 7.3 1.46804 0.2 0.0 0.4 0.56806 0.4 0.49585 7.3 1.41473 1.1 0.0 0.0 0.0 0.0 0.0 3.2 1.16945
55 0.0 0.0 3.6 2.35526 2.1 1.76291 11.3 2.60097 0.0 0.0 0.9 0.97804 0.4 0.41113 8.5 1.21615 1.7 0.0 1.0 0.91932 1.0 0.83156 8.4 1.39146 4.1 0.0 0.2 0.37188 0.0 0.0 3.6 1.18252
60 0.0 0.0 4.4 2.4668 3.0 1.9795 12.4 3.01356 0.3 0.0 1.4 1.00707 0.6 0.41113 9.9 1.60313 4.6 0.0 1.3 1.11047 1.4 0.96817 9.6 1.44562 6.6 0.0 0.1 0.18594 0.0 0.0 4.4 1.2458
65 0.0 0.0 7.5 3.42019 4.3 2.0566 13.5 2.93673 1.0 0.0 3.0 1.73103 0.9 0.51485 11.5 1.73656 7.5 0.0 2.2 1.58748 1.8 0.86773 10.8 1.83446 11.6 0.0 0.1 0.18594 0.0 0.0 5.3 1.46804
70 0.1 0.0 10.1 3.6924 6.4 2.55853 15.3 3.06225 1.9 0.0 4.4 2.32241 1.5 0.74635 12.7 1.68719 11.4 0.0 4.3 1.86045 2.7 1.11047 11.5 1.88507 16.8 0.0 0.3 0.39687 0.1 0.18594 6.3 1.64102
75 0.1 0.0 12.8 3.9376 9.9 2.83286 16.8 2.9177 5.0 0.0 5.4 1.90433 2.4 1.18252 14.0 1.85942 14.8 0.0 6.7 1.9214 4.0 1.38593 12.7 1.79744 18.2 0.0 0.3 0.28403 0.1 0.18594 6.8 2.03312
80 0.1 0.0 14.6 3.76197 12.5 3.62732 17.4 3.05156 5.6 0.0 8.3 2.35282 3.5 1.44695 16.2 1.70419 16.8 0.0 8.4 2.48232 5.3 1.75417 14.7 2.44882 22.0 0.0 0.8 0.54033 0.3 0.39687 8.7 2.44882
85 0.9 0.0 17.5 3.46482 14.5 3.46482 18.8 3.17011 9.4 0.0 9.4 2.6179 5.0 1.66312 18.0 2.21749 18.2 0.0 9.4 2.73278 6.2 1.79209 16.0 2.79944 23.2 0.0 1.0 0.73336 0.3 0.39687 9.3 2.7447
90 1.0 0.0 19.3 3.41794 16.0 3.53887 20.2 3.13355 13.2 0.0 10.1 1.52955 6.7 2.25272 19.2 2.34873 20.9 0.0 11.3 2.7447 7.2 2.03312 17.7 2.63035 24.3 0.0 1.2 0.66755 0.3 0.39687 9.8 2.68456
95 1.1 0.0 20.4 3.36299 18.1 3.06726 21.3 2.97313 15.9 0.0 12.2 1.40793 8.2 2.3973 20.9 2.17286 22.7 0.0 13.3 2.6594 8.8 2.10734 19.4 2.85649 25.8 0.0 1.3 0.92141 0.3 0.39687 10.8 3.07164
100 2.1 0.0 22.3 2.78637 19.7 3.19726 22.4 2.78844 16.8 0.0 14.6 3.22299 10.0 2.54045 23.4 2.07797 23.5 0.0 14.4 2.85649 10.2 2.2313 20.7 2.88127 27.1 0.0 1.5 0.79616 0.3 0.39687 11.7 3.14884
