5 0.0 0.0521856725834 0.0 0.0521856725834 0.0 0.0727175299811 0.1 0.168352392141
10 0.0 0.0491102146413 0.0 0.0518777785108 0.0 0.061267508134 0.3 0.104510888195
15 0.0 0.063833953691 0.0 0.0483632843458 0.0 0.0639447007119 1.4 0.108451815047
20 0.0 0.0557756793314 0.0 0.0522682879108 0.0 0.076001498421 2.7 0.0556520253809
25 0.0 0.0474972359478 0.0 0.0518101030636 0.0 0.0664261767733 5.7 0.0
30 0.0 0.0505751298525 0.0 0.0646376198952 0.0 0.0848752439892 9.6 0.0
35 0.0 0.0678044626639 0.0 0.0745289898815 0.0 0.0752147740645 14.3 0.0
40 0.0 0.0844670130838 0.7 0.096205695375 0.9 0.0859843260814 18.8 0.0
45 0.1 0.0753226328814 1.9 0.0744600623098 1.4 0.0636378774891 22.6 0.0
50 1.3 0.0694252841333 2.3 0.0717303741513 2.1 0.0479101450895 27.2 0.0
55 5.8 0.042677175992 5.7 0.0426198895474 3.5 0.0346373348103 31.8 0.0
60 11.5 0.0340477295222 7.2 0.0320770947594 5.0 0.0327422564511 36.3 0.0
65 20.1 0.0256266116538 12.8 0.0182167464236 7.0 0.0291825523405 41.1 0.0
70 30.2 0.0107274188317 19.1 0.00240373644188 10.7 0.00758865554398 45.8 0.0
75 38.1 0.0 25.2 0.0 16.4 0.00758865554398 50.3 0.0
80 44.5 0.0 32.1 0.0 21.6 0.0 57.0 0.0
85 51.7 0.0 37.3 0.0 26.0 0.0 62.1 0.0
90 59.4 0.0 41.9 0.0 30.2 0.0 66.9 0.0
95 65.5 0.0 47.2 0.0 35.4 0.0 72.4 0.0
100 69.5 0.0 52.8 0.0 40.2 0.0 78.2 0.0
