5 0.0 0.0 0.0 0.0 -0.483705878273 0.0656975779721 0.0 0.0
10 0.0 0.0 -0.00822498012273 0.00662203418242 -1.67703701045 0.110662502947 0.0 0.0
15 -1.50073536033e-06 2.79049623943e-06 -0.41659777607 0.196348575235 -2.60027631036 0.181104826873 0.0 0.0
20 -0.0212905597617 0.0242450610096 -3.59423463533 0.933718899635 -2.48797216299 0.140031727282 -0.0439861751103 0.0357462851236
25 -0.172699189332 0.122938327324 -14.7565073646 2.22432249865 -3.11269476438 0.33566582547 -0.306865669322 0.177321234008
30 -1.15346539222 0.570458385266 -34.3955330279 3.34111625481 -4.84340124442 0.889957755106 -1.92843682632 0.787301156618
35 -5.54360220417 1.78991011905 -58.7336735554 4.12756828977 -11.1539024284 2.34443178558 -8.04351297174 2.10447104569
40 -16.4057272646 3.20878582582 -84.4491783742 4.74893264061 -24.15373205 3.38502524816 -20.7223778579 3.27139530889
45 -33.5983426659 4.68143587583 -110.298321933 5.31321970396 -42.9029386178 4.91880384284 -38.8545230881 4.51366390104
50 -55.6751700699 5.73960672856 -136.090241351 5.88223347112 -64.6537228721 5.61686442937 -60.1092869707 5.46010289231
55 -80.1531763735 6.431280796 -161.760986 6.42963623564 -88.3811684217 6.24355758995 -83.2861145403 6.22080475634
60 -105.274781639 7.01103579451 -187.308591946 6.95289962563 -111.283425366 7.06517001296 -107.442326923 6.72029267149
65 -130.534878701 7.5508137538 -212.761660892 7.48552433037 -134.865013421 7.28443444104 -131.802419656 7.49460834173
70 -155.748450258 8.09925472012 -238.050587374 8.02722144649 -158.403717198 7.71292800505 -156.567876713 8.02994407785
75 -180.7843545 8.66172999666 -263.132955667 8.58665282851 -183.356126275 8.25185963686 -181.30655385 8.61319406662
80 -205.642524938 9.20603047444 -288.031389591 9.13028081469 -207.621496157 9.16016564213 -206.046345709 9.14880405831
85 -230.331130294 9.73067488913 -312.753975516 9.65261720203 -231.86013929 9.66648601885 -230.630920767 9.71657601435
90 -254.88493979 10.2719237736 -337.334173786 10.1914245722 -256.203673917 10.16286484 -255.088023513 10.2811531679
95 -279.290649071 10.7987069403 -361.760935554 10.7158942334 -280.389766457 10.8320813433 -279.476632116 10.7790735207
100 -303.495852603 11.3175045401 -385.981262039 11.2336858612 -304.484244724 11.391374983 -303.65551162 11.321385075
