5 0.0 0.0 0.0 0.0 -0.25625 0.04879 0.0 0.0 0.0 0.0 0.0 0.0 -0.10814 0.01683 0.0 0.0 0.0 0.0 0.0 0.0 -0.10964 0.02071 0.0 0.0 0.0 0.0 0.0 0.0 -0.00967 0.00306 0.0 0.0
10 0.0 0.0 -0.00822 0.00662 -0.90259 0.10805 0.0 0.0 0.0 0.0 0.0 0.0 -0.33112 0.05304 0.0 0.0 0.0 0.0 0.0 0.0 -0.33339 0.06222 0.0 0.0 0.0 0.0 0.0 0.0 -0.10994 0.02026 0.0 0.0
15 0.0 0.0 -0.41547 0.19562 -1.71843 0.20606 0.0 0.0 0.0 0.0 -0.00062 0.00091 -0.35442 0.06168 0.0 0.0 0.0 0.0 -0.00051 0.0007 -0.28218 0.08513 0.0 0.0 -0.0 0.0 0.0 0.0 -0.24525 0.0216 0.0 0.0
20 -2e-05 0.0 -3.51563 0.89808 -1.08584 0.10046 -0.03939 0.03319 -0.00114 0.0 -0.04217 0.02585 -0.5006 0.07626 -0.00259 0.00246 -0.01496 0.0 -0.03644 0.01969 -0.5059 0.08223 -0.00201 0.00215 -0.00518 0.0 0.0 0.0 -0.39564 0.03138 0.0 0.0
25 -0.00442 0.0 -13.8606 1.97406 -1.312 0.28606 -0.29824 0.16918 -0.01305 0.0 -0.44926 0.16979 -0.66569 0.17409 -0.00392 0.00426 -0.0988 0.0 -0.44665 0.15016 -0.59925 0.17148 -0.0047 0.00743 -0.05643 0.0 0.0 0.0 -0.53576 0.03431 0.0 0.0
30 -0.01333 0.0 -29.61304 2.65389 -3.39965 0.89393 -1.87734 0.7475 -0.08098 0.0 -2.39954 0.45289 -0.4248 0.14703 -0.01975 0.01443 -0.60226 0.0 -2.38296 0.46875 -0.41315 0.15237 -0.03035 0.03418 -0.4569 0.0 0.0 0.0 -0.6058 0.04426 -0.001 0.00185
35 -0.05355 0.0 -45.7301 2.98361 -9.81746 2.2095 -7.5615 1.8244 -0.3066 0.0 -6.54657 0.63493 -0.39908 0.12609 -0.25333 0.15551 -2.8842 0.0 -6.457 0.8139 -0.3951 0.13535 -0.22837 0.14465 -2.29925 0.0 0.0 0.0 -0.54227 0.04833 -0.00031 0.00039
40 -0.13062 0.0 -59.97925 3.30592 -21.72876 3.21861 -18.69123 2.7911 -0.99196 0.0 -12.33641 0.77817 -0.97654 0.19072 -0.91946 0.26103 -9.10771 0.0 -12.13352 1.12492 -0.97831 0.18813 -1.08107 0.30445 -6.17544 0.0 0.0 0.0 -0.47013 0.07995 -0.03061 0.02317
45 -0.27776 0.0 -72.95161 3.75957 -37.27593 4.15607 -33.56909 3.63139 -2.78104 0.0 -18.8402 0.9154 -2.6788 0.57403 -2.61399 0.46498 -19.66959 0.0 -18.50651 1.37474 -2.62841 0.58267 -2.62698 0.53469 -10.86996 0.0 0.0 0.0 -0.3198 0.10281 -0.04446 0.0219
50 -0.61291 0.0 -85.56964 4.29642 -54.39108 4.62343 -49.04548 4.2157 -6.55662 0.0 -25.49433 1.08843 -4.90432 0.64115 -5.51621 0.60449 -33.06289 0.0 -25.02627 1.61629 -4.9374 0.75932 -5.36808 0.90376 -15.44275 0.0 0.0 0.0 -0.42091 0.10986 -0.17952 0.06038
55 -1.18709 0.0 -98.05901 4.8101 -70.0447 4.53148 -63.76336 4.36246 -12.86785 0.0 -32.156 1.27963 -9.07133 0.93223 -9.70207 1.14729 -47.1791 0.0 -31.54597 1.85012 -8.8934 1.16282 -9.55306 1.30051 -18.91914 0.0 0.0 0.0 -0.37174 0.06025 -0.26763 0.07394
60 -2.13809 0.0 -110.45941 5.29521 -83.11722 4.86329 -77.51228 4.99758 -21.69526 0.0 -38.79948 1.47773 -13.98358 1.16073 -15.10836 0.97306 -60.03935 0.0 -38.04828 2.08185 -13.687 1.51367 -14.40719 1.42519 -21.40208 0.0 -0.00141 0.00258 -0.49563 0.06161 -0.4145 0.08533
65 -3.80167 0.0 -122.8181 5.78106 -95.77646 5.20579 -92.38868 5.02112 -32.51979 0.0 -45.41135 1.68295 -19.35648 1.04589 -19.44917 1.31303 -70.76075 0.0 -44.51819 2.31358 -19.12154 1.64565 -19.42676 1.72716 -23.45266 0.0 -0.01402 0.01052 -0.61053 0.04505 -0.53781 0.0529
70 -6.18365 0.0 -135.07651 6.2778 -107.79081 5.51245 -105.31831 5.57311 -44.48974 0.0 -51.96852 1.89418 -25.26257 1.28642 -25.36173 1.45447 -79.70304 0.0 -50.92338 2.53971 -24.65438 1.93062 -25.27582 1.96967 -25.37202 0.0 -0.08218 0.0407 -0.69595 0.0346 -0.61202 0.15362
75 -9.41937 0.0 -147.17557 6.76281 -120.09657 6.0004 -117.82203 5.79914 -56.88644 0.0 -58.4401 2.11655 -31.58647 1.54957 -31.65847 1.85457 -87.29027 0.0 -57.25063 2.76541 -30.92363 2.24955 -30.98843 2.18798 -27.18827 0.0 -0.26665 0.09833 -0.74945 0.08195 -0.83763 0.15452
80 -13.56158 0.0 -159.11473 7.22668 -132.06201 6.56173 -130.66095 6.29899 -69.13957 0.0 -64.79938 2.33628 -37.86904 1.87873 -37.79883 1.77337 -93.97551 0.0 -63.4706 2.97023 -37.00865 2.49417 -36.30833 2.80738 -28.96586 0.0 -0.64668 0.1916 -0.6818 0.06199 -1.27823 0.375
85 -18.64817 0.0 -170.85909 7.67016 -143.97167 7.05803 -142.31887 7.45202 -80.76087 0.0 -71.02514 2.54881 -44.06259 1.93867 -43.51689 2.0308 -100.19613 0.0 -69.56711 3.15764 -43.13869 2.69668 -43.49006 3.0647 -30.72596 0.0 -1.30263 0.30256 -0.68719 0.15012 -1.30509 0.24074
90 -24.96201 0.0 -182.44095 8.1186 -155.78869 7.49273 -154.77665 7.12207 -91.23718 0.0 -77.09469 2.75939 -50.38765 2.14505 -50.05794 2.18515 -106.21105 0.0 -75.52677 3.34715 -49.33591 2.90717 -48.65159 3.15865 -32.4747 0.0 -2.27176 0.40114 -0.69142 0.06529 -1.60185 0.42443
95 -32.19547 0.0 -193.85469 8.55637 -167.5678 8.0294 -166.46358 7.89123 -100.82122 0.0 -83.02003 2.96325 -56.61198 2.29523 -55.90169 2.75076 -112.06402 0.0 -81.347 3.54413 -55.49297 3.18912 -54.96525 3.48181 -34.20995 0.0 -3.53921 0.4622 -0.71702 0.15245 -2.14611 0.51158
100 -40.13429 0.0 -205.09445 8.98622 -179.24087 8.47891 -177.22916 8.65799 -109.60661 0.0 -88.83121 3.16931 -62.87394 2.48254 -62.61286 2.49876 -117.82573 0.0 -87.05127 3.74564 -61.62982 3.399 -60.88836 3.76201 -35.92923 0.0 -5.00433 0.50529 -0.73962 0.06842 -2.92513 0.41846
