5 0.0683470438422 0.00121339792945 0.0910199467954 0.00204731808651 0.29505717046 0.00243077105087 0.0683093650884 0.00125589210997
10 0.0893511765086 0.00149042541766 0.180270145224 0.00408375194754 0.340950632778 0.00232112289936 0.0895033354491 0.00170701507238
15 0.100090578692 0.00087692915097 0.268256752181 0.00577730600567 0.32687046978 0.0059245400416 0.100891551023 0.00119154378951
20 0.106323098261 0.00191179701886 0.346536940495 0.00555798937323 0.279744325743 0.00942603579726 0.107332623824 0.00178841146287
25 0.11002604583 0.00149710460579 0.397819371297 0.00388001839053 0.23458991322 0.00974153573522 0.112690749733 0.00248735572221
30 0.1041505641 0.00454360708638 0.420422581434 0.00214510334185 0.196231942252 0.00673150611738 0.116539099298 0.0025762828331
35 0.0800288074651 0.00569921101252 0.426845724767 0.00117996141461 0.168168459038 0.00624054566073 0.113836519968 0.0017947480825
40 0.04821622553 0.00510664141245 0.428214981541 0.00074078553067 0.150810894432 0.0108422631625 0.107165318429 0.00412855980335
45 0.026801502306 0.00391060818568 0.428626851645 0.000542072170831 0.150736250472 0.0122821347688 0.0983361979693 0.00337710028963
50 0.0119913121849 0.00200548206347 0.428790241024 0.000511956869786 0.127090167993 0.0133413829389 0.0734132569238 0.00445750536198
55 0.00644353745751 0.00161432040566 0.428890165526 0.000514452948079 0.126386777503 0.00764854512462 0.0513183176528 0.00696393166841
60 0.00454896648798 0.00115477451947 0.428963787925 0.000516606859044 0.103075277955 0.0100185093348 0.0340653600615 0.00483378752025
65 0.00387323985782 0.000586436284156 0.42902276733 0.000521178320197 0.0767386314335 0.0133911623924 0.0242144774692 0.00423418086065
70 0.00348880147455 0.000527132754288 0.429071887532 0.000525395852798 0.0521493409962 0.0106535326736 0.0151597022241 0.0028667448091
75 0.0032913519601 0.000409409012167 0.429114270306 0.000525134926587 0.0472508903166 0.0113140925439 0.0123777560687 0.00253362095789
80 0.00323963635824 0.000395078984136 0.429150590454 0.000522413787384 0.0380984469872 0.00756127169536 0.00964722768076 0.00186159863086
85 0.00320462376471 0.000427615560027 0.42918342151 0.000518691006769 0.030305912176 0.00637364606777 0.0085634312005 0.00179105961433
90 0.00309649129075 0.000295838369422 0.429214319427 0.000513843167993 0.0273787981754 0.00574970680663 0.00696142773468 0.00133220453667
95 0.00296037208643 0.000290224345785 0.429243127694 0.000509393074038 0.0215487609433 0.00238698093033 0.00638765278017 0.00100372568353
100 0.00298436983666 0.00033823659073 0.4292683033 0.00050452678536 0.0200353983568 0.00200531407774 0.0059493476417 0.000911535956097
