5 0.173809593904 0.00359026871286 0.210201563136 0.00472807859344 0.717363820196 0.00541020367582 0.173521839354 0.00361792034696
10 0.306648816606 0.00665023541559 0.416316067487 0.0094310211449 0.871766046458 0.00340160999883 0.306417692066 0.00682795088888
15 0.436263713959 0.00878599089236 0.619512432334 0.0133421167103 0.919286010929 0.00699262707341 0.436065974939 0.00884228055742
20 0.561978947941 0.0118678766161 0.800292783517 0.012835626643 0.937773870423 0.00430734251017 0.562970275296 0.0118166019501
25 0.688285707417 0.0142818351455 0.918724484429 0.00896051864896 0.952008066942 0.003094161693 0.686443546175 0.013551187766
30 0.803044684158 0.0131720330258 0.970924362256 0.0049539039676 0.967055572472 0.00201405901602 0.800527706905 0.0123192604267
35 0.890230882378 0.0113845665908 0.985757976386 0.0027250041614 0.979018856772 0.00338439896452 0.888856476088 0.0121964742899
40 0.943556568423 0.00722507923891 0.988920139454 0.00171077090202 0.989645744637 0.00248996477477 0.944261345463 0.00747768073163
45 0.970875289229 0.004873890887 0.989871312716 0.001251862055 0.99509406699 0.00100032274366 0.97262843073 0.00402946901112
50 0.980529633369 0.00313486854255 0.990248644325 0.00118231374618 0.997006932798 0.00115967009718 0.980841031464 0.00330756671009
55 0.983715817288 0.0022051545966 0.990479410078 0.00118807819239 0.998023543572 0.000609869508477 0.983656781481 0.00223155833631
60 0.984859396037 0.00165116933868 0.990649433724 0.00119305243659 0.998477107732 0.000633950225405 0.985011322911 0.00164511638894
65 0.985417556447 0.00147558315344 0.990785640826 0.00120360977396 0.99861361578 0.000623666278621 0.985456651027 0.00150090747659
70 0.985669180752 0.00148919150254 0.990899079073 0.00121334974816 0.998656460021 0.000616469461632 0.985649977104 0.00149767898118
75 0.98591670493 0.00144829369551 0.990996957899 0.00121274716482 0.998665380445 0.000614177413451 0.985917105285 0.00144382175467
80 0.986048527767 0.00144297858184 0.991080835687 0.00120646296306 0.998676936246 0.000610217586355 0.986040123263 0.0014313114691
85 0.986215083378 0.00144436188691 0.991156655763 0.00119786556949 0.998688269894 0.000606543065465 0.986225537436 0.00144261305753
90 0.986365370263 0.00142267653834 0.991228011445 0.00118666996547 0.998699826903 0.000602998058123 0.986371307471 0.00142654605058
95 0.986476964459 0.00142811793867 0.991294541288 0.00117639291356 0.998660410578 0.000622491706146 0.986482191039 0.00142882578138
100 0.986562373274 0.00144502089433 0.991352681859 0.00116515470134 0.99867077441 0.000618821560497 0.986572035183 0.00144972922222
