5 0.0 0.023991975483 0.0 0.023991975483 0.0 0.0230940372437 0.1 0.160198959138
10 0.0 0.014492680054 0.0 0.014492680054 0.0 0.0219575081847 0.1 0.150089235784
15 0.0 0.0227519211751 0.0 0.0227519211751 0.0 0.0351012334786 0.3 0.0952970821995
20 0.0 0.0348608001144 0.0 0.0348608001144 0.0 0.0530318847934 0.3 0.0700712063867
25 0.0 0.0342168518812 0.0 0.0342168518812 4.2 0.0136298219848 0.3 0.0700712063867
30 0.0 0.031449933914 0.0 0.031449933914 8.1 0.0 0.4 0.0446140649672
35 1.1 0.0366519658893 2.1 0.0366519658893 24.5 0.0 1.5 0.0122137036239
40 4.3 0.0230940372438 3.8 0.0230940372438 29.1 0.0 4.6 0.0
45 14.4 0.00143032251085 10.9 0.00143032251085 33.0 0.0 9.9 0.0
50 25.6 0.0 18.0 0.0 37.3 0.0 21.6 0.0
55 32.6 0.0 38.4 0.0 41.2 0.0 36.1 0.0
60 40.1 0.0 44.7 0.0 44.7 0.0 41.5 0.0
65 45.5 0.0 48.3 0.0 48.3 0.0 47.5 0.0
70 50.6 0.0 51.8 0.0 51.8 0.0 53.8 0.0
75 61.7 0.0 55.5 0.0 55.1 0.0 58.4 0.0
80 68.0 0.0 58.8 0.0 58.8 0.0 62.9 0.0
85 73.8 0.0 63.4 0.0 62.8 0.0 67.6 0.0
90 79.6 0.0 67.7 0.0 90.0 0.0 73.2 0.0
95 87.5 0.0 71.3 0.0 95.0 0.0 77.8 0.0
100 94.7 0.0 75.0 0.0 100.0 0.0 84.6 0.0
