5 0.0 0.0 0.0 0.0 0.0 0.0 0.1 0.18594 0.0 0.0 0.0 0.0 0.0 0.0 0.0 0.0 0.0 0.0 0.0 0.0 0.0 0.0 0.0 0.0 0.0 0.0 0.0 0.0 0.0 0.0 0.0 0.0
10 0.0 0.0 0.0 0.0 0.0 0.0 0.1 0.18594 0.0 0.0 0.0 0.0 0.0 0.0 0.0 0.0 0.0 0.0 0.0 0.0 0.0 0.0 0.0 0.0 0.0 0.0 0.0 0.0 0.0 0.0 0.0 0.0
15 0.0 0.0 0.0 0.0 0.0 0.0 0.3 0.28403 0.0 0.0 0.0 0.0 0.0 0.0 0.0 0.0 0.0 0.0 0.0 0.0 0.0 0.0 0.0 0.0 0.0 0.0 0.0 0.0 0.0 0.0 0.0 0.0
20 0.0 0.0 0.0 0.0 0.0 0.0 0.3 0.28403 0.0 0.0 0.0 0.0 0.0 0.0 0.0 0.0 0.0 0.0 0.0 0.0 0.0 0.0 0.0 0.0 0.0 0.0 0.0 0.0 0.0 0.0 0.0 0.0
25 0.0 0.0 0.0 0.0 4.2 2.67021 0.3 0.28403 0.0 0.0 0.0 0.0 0.0 0.0 0.0 0.0 0.0 0.0 0.0 0.0 0.0 0.0 0.0 0.0 0.0 0.0 0.0 0.0 0.0 0.0 0.0 0.0
30 0.0 0.0 0.0 0.0 8.1 1.05367 0.3 0.28403 0.0 0.0 0.0 0.0 0.0 0.0 0.0 0.0 0.0 0.0 0.0 0.0 0.0 0.0 0.1 0.18594 0.0 0.0 0.0 0.0 0.0 0.0 0.0 0.0
35 0.0 0.0 2.1 2.69384 9.2 1.29419 0.8 0.95216 0.0 0.0 0.0 0.0 7.6 1.86355 0.4 0.41113 0.0 0.0 0.0 0.0 7.7 2.26971 0.3 0.28403 1.1 0.0 0.0 0.0 0.0 0.0 0.0 0.0
40 0.0 0.0 3.8 3.60128 9.9 1.47847 3.2 3.09655 0.0 0.0 0.0 0.0 10.0 1.23961 0.7 0.48408 1.8 0.0 0.0 0.0 9.2 2.16134 0.7 0.55783 2.5 0.0 0.0 0.0 0.0 0.0 0.0 0.0
45 0.0 0.0 9.9 2.72221 10.8 1.8134 8.5 3.31756 0.0 0.0 0.7 0.87873 11.9 1.15789 0.7 0.48408 4.9 0.0 0.3 0.39687 10.3 2.03783 0.7 0.55783 9.5 0.0 0.0 0.0 0.0 0.0 0.0 0.0
50 0.0 0.0 11.9 1.65036 11.9 1.65036 11.8 1.70419 2.9 0.0 3.7 1.96098 13.0 1.54331 5.4 3.00078 10.0 0.0 2.4 1.82185 12.4 2.0594 4.4 2.7468 12.7 0.0 0.0 0.0 0.0 0.0 0.0 0.0
55 0.0 0.0 13.3 1.83969 13.3 1.83969 13.2 1.87587 5.2 0.0 12.9 2.67954 13.8 1.77052 10.7 2.54121 13.6 0.0 12.2 2.79669 14.1 1.98822 12.2 1.16945 13.8 0.0 0.0 0.0 0.0 0.0 0.0 0.0
60 0.0 0.0 14.4 1.86355 14.4 1.86355 14.3 1.9214 9.7 0.0 15.1 1.92938 15.1 1.92938 13.4 2.96213 15.1 0.0 15.2 2.01413 15.2 2.01413 13.8 1.40793 15.3 0.0 0.0 0.0 0.0 0.0 0.0 0.0
65 1.4 0.0 15.8 2.14349 15.8 2.14349 15.8 2.14349 11.1 0.0 16.1 1.88914 16.1 1.88914 15.3 2.85448 16.3 0.0 16.4 2.15065 16.4 2.15065 15.6 1.36357 16.7 0.0 0.0 0.0 0.0 0.0 0.8 0.95216
70 1.4 0.0 17.0 2.1291 17.0 2.1291 17.0 2.1291 13.4 0.0 17.2 1.87587 17.2 1.87587 17.0 2.03689 17.6 0.0 17.6 2.20358 17.6 2.20358 17.3 1.9214 18.2 0.0 0.0 0.0 0.0 0.0 2.5 1.47326
75 7.7 0.0 18.2 2.31579 18.2 2.31579 18.2 2.31579 15.2 0.0 18.0 1.96 18.0 1.96 18.0 1.96 18.9 0.0 18.9 2.29328 18.9 2.29328 18.8 2.17904 19.9 0.0 0.4 0.74377 0.0 0.0 3.4 1.64453
80 9.5 0.0 19.1 2.60687 19.1 2.60687 19.1 2.60687 17.1 0.0 19.5 2.09729 19.5 2.09729 19.5 2.09729 20.2 0.0 20.2 2.64128 20.2 2.64128 20.2 2.64128 21.2 0.0 0.0 0.0 0.0 0.0 4.1 1.39835
85 11.3 0.0 20.1 2.80561 20.1 2.80561 20.1 2.80561 18.3 0.0 20.7 1.94129 20.7 1.94129 20.7 1.94129 22.0 0.0 22.0 2.67308 22.0 2.67308 22.0 2.67308 22.2 0.0 0.6 0.74377 0.0 0.0 4.8 1.70419
90 12.4 0.0 22.1 2.9783 22.1 2.9783 22.1 2.9783 21.1 0.0 21.8 1.70419 21.8 1.70419 21.8 1.70419 22.9 0.0 22.9 2.73629 22.9 2.73629 22.9 2.73629 23.2 0.0 0.9 0.85209 23.2 1.87587 6.4 2.13271
95 16.4 0.0 23.2 3.20626 23.2 3.20626 23.2 3.20626 22.1 0.0 22.8 1.8134 22.8 1.8134 22.8 1.8134 24.1 0.0 24.1 3.19005 24.1 3.19005 24.1 3.19005 24.9 0.0 1.2 0.91093 24.9 2.02649 7.7 2.26971
100 19.3 0.0 24.2 3.32392 24.2 3.32392 24.2 3.32392 24.3 0.0 24.7 1.61745 24.7 1.61745 24.7 1.61745 25.2 0.0 25.2 3.27736 25.2 3.27736 25.2 3.27736 25.9 0.0 0.9 0.85209 25.9 1.65036 10.5 3.34064
