5 0.180810133204 0.00655641689507 0.190046608299 0.00731702726564 0.665178031421 0.00784730079743 0.181222160105 0.00675346325417
10 0.300790954602 0.0111291774779 0.317721320192 0.0123786426675 0.78193658499 0.00867505017036 0.301453050904 0.0115287204373
15 0.419997062141 0.0116543914808 0.434587147642 0.016530610983 0.828240209872 0.00784799342246 0.418619884815 0.0118391722505
20 0.528168768271 0.0174106598374 0.543913026881 0.0202007632332 0.857938048357 0.00970128354506 0.531319843475 0.0173411713515
25 0.633885149226 0.0190984637765 0.641811523195 0.0207671858604 0.874762113191 0.00584316738826 0.638866631744 0.0207232551948
30 0.739263271601 0.0162606444499 0.730810364111 0.019555235234 0.903733390715 0.00843192085016 0.759303521025 0.0198323108039
35 0.828950121806 0.012493526371 0.808342317607 0.0162868068083 0.934554788496 0.0055260851421 0.849235785072 0.0153567451577
40 0.887357730658 0.0102248659972 0.870298532548 0.0127985240536 0.953038269638 0.00518832516348 0.925872466095 0.0142315085412
45 0.934889654121 0.00873616804052 0.916883094696 0.0105478231304 0.972890277552 0.00435081074773 0.95698886901 0.00947731145956
50 0.957711783344 0.00625861564555 0.94722181844 0.0088622881271 0.983470342816 0.00329331072745 0.97202646608 0.00738736581419
55 0.971832875195 0.00698536714564 0.965179855087 0.00725355291824 0.991566160678 0.00210093451184 0.97579587164 0.00649837406063
60 0.977598946985 0.00393914732616 0.974427200353 0.00611297406326 0.9952731846 0.00131155023524 0.979687026039 0.00374429793578
65 0.979809011847 0.00376343734875 0.979086569179 0.00544116203506 0.997168962263 0.000972736779925 0.980727674582 0.00346064089451
70 0.980847276759 0.0034172991702 0.98145231527 0.00471737798049 0.998169735932 0.00103184360173 0.981002282469 0.00345273474693
75 0.981128648323 0.0033142180599 0.982666124421 0.00425955983548 0.998357968816 0.000989284095333 0.981623128522 0.00313151774207
80 0.981666608253 0.00308734875977 0.983351563509 0.0039397413392 0.998391736425 0.000957746794982 0.981794556395 0.00311423666864
85 0.982284139778 0.00289409640647 0.983798277791 0.00374567869748 0.998418218861 0.000941892919853 0.98236483913 0.00288778929783
90 0.982292944393 0.00299710086178 0.984089236069 0.00360868102357 0.998435049849 0.000943182133843 0.982385623126 0.00300162165007
95 0.982405630834 0.00301672605793 0.984309020906 0.00350898330873 0.998436686981 0.000942118581989 0.982422454015 0.00299499923389
100 0.982627161703 0.00314588993361 0.984509288037 0.00341394296648 0.998438111527 0.000941046250382 0.982821278728 0.00314437327763
