5 0.0604772068168 0.00231698508662 0.0723584109969 0.00311599150988 0.253405103726 0.00304354346996 0.0606268539691 0.00239182628239
10 0.0764997500921 0.00350710700567 0.107807976629 0.00541291722149 0.248202551123 0.00323484992682 0.0768305091282 0.00364805923003
15 0.0852968783321 0.00308124474637 0.135496777511 0.00719324227142 0.22245209542 0.00349702348943 0.0857327891686 0.0033111690745
20 0.0888773499424 0.00383083298359 0.158860825199 0.0090365894542 0.201269921927 0.00508710633586 0.0913952904454 0.00440882014512
25 0.0900759046719 0.00284247912167 0.177134654064 0.00972916882093 0.182356215774 0.00406048777369 0.09294037311 0.00427879556165
30 0.0864291661404 0.00259270662384 0.191518508261 0.00972205835511 0.163781153914 0.00480696237552 0.0964390316086 0.00307313371634
35 0.0755054111613 0.00279483292388 0.201386712611 0.00938368470494 0.154070611106 0.00451424057909 0.095149164496 0.00318650266341
40 0.058963999289 0.00423799195789 0.205498590611 0.0087434155758 0.134190722977 0.00516012079728 0.088879324839 0.00266344687421
45 0.0378699227002 0.00346047159771 0.204362912965 0.00843187194284 0.124110548705 0.00371758551503 0.0771266254326 0.00255073084342
50 0.0232856506286 0.00197335891693 0.197092882599 0.00860567373534 0.107219269322 0.00507366052256 0.0653232140648 0.00275837333722
55 0.0124222714513 0.00138850088591 0.184378986405 0.00934137699787 0.0914525162581 0.00404453997905 0.0512790713123 0.00304466304069
60 0.00700938307648 0.00099257578625 0.167474688352 0.0102211293994 0.0745545053922 0.00346607416303 0.0401800916833 0.00364817130331
65 0.00519672495466 0.00123237318131 0.147865573481 0.0110208838683 0.0561549665167 0.00320637932659 0.032423979988 0.00294878397826
70 0.00398142723202 0.00103265506225 0.127628663521 0.0114410053084 0.0418113547606 0.00175564074779 0.024745992493 0.00351868093992
75 0.00349125454318 0.000888752686444 0.108834115576 0.0115116201304 0.0308460300381 0.00306593014941 0.0169957301917 0.00299936717513
80 0.00319357685838 0.000671741433622 0.0914101057036 0.0113580042829 0.0212751034123 0.0019160860524 0.0120896601877 0.0027817205857
85 0.00306900638413 0.000752200076992 0.0760046301713 0.0106861086156 0.0157438967221 0.0017538882062 0.00948475833406 0.00271702223102
90 0.0029379952281 0.000671352588568 0.0627704786635 0.00975081026956 0.0121605053451 0.00214237390872 0.00826160401881 0.00176039486118
95 0.00283000909794 0.000692279934998 0.0513109136107 0.00876819637456 0.00925790966418 0.00199144233109 0.00658437531275 0.00138922605774
100 0.00284285183867 0.000584938644969 0.0421235409753 0.00758153813778 0.00775595724057 0.00188347572653 0.00582297947683 0.00180235697263
