5 0.0 0.0 0.0 0.0 0.08598 0.01333 0.0 0.0 0.0 0.0 0.0 0.0 0.10473 0.01438 0.0 0.0 0.0 0.0 0.0 0.0 0.10666 0.01777 0.0 0.0 0.0 0.0 0.0 0.0 0.04259 0.01238 0.0 0.0
10 0.0 0.0 0.01131 0.00732 0.46982 0.05918 0.0 0.0 0.0 0.0 0.0 0.0 0.35733 0.05252 0.0 0.0 0.0 0.0 0.0 0.0 0.35043 0.0538 0.0 0.0 0.0 0.0 0.0 0.0 0.437 0.07442 0.0 0.0
15 0.0 0.0 0.23307 0.08934 0.75188 0.08571 0.0 0.0 0.0 0.0 0.00387 0.00486 0.51038 0.09879 0.0 0.0 0.0 0.0 0.00333 0.00412 0.45285 0.10142 0.0 0.0 0.0 0.0 0.0 0.0 0.99642 0.08869 0.0 0.0
20 1e-05 0.0 1.53975 0.28805 0.42808 0.04699 0.02902 0.02399 0.00112 0.0 0.12301 0.06711 0.91437 0.11078 0.00624 0.00654 0.006 0.0 0.11643 0.05713 0.94441 0.13597 0.00421 0.00472 0.00441 0.0 0.0 0.0 1.66159 0.11032 0.0 0.0
25 0.00264 0.0 4.1743 0.42248 0.62179 0.13553 0.18874 0.07922 0.01175 0.0 1.01213 0.25546 1.11081 0.24671 0.00413 0.0034 0.03674 0.0 1.02353 0.23115 1.02672 0.25221 0.00398 0.00493 0.05795 0.0 0.0 0.0 2.146 0.10805 0.0 0.0
30 0.00778 0.0 6.67779 0.40049 1.7679 0.37261 0.99137 0.32455 0.04563 0.0 3.58212 0.34055 0.72771 0.21421 0.03583 0.02481 0.24966 0.0 3.51686 0.45545 0.6642 0.20334 0.03405 0.02602 0.45811 0.0 0.0 0.0 2.42701 0.10819 0.00285 0.0053
35 0.03516 0.0 8.41544 0.3804 4.06486 0.59002 3.15653 0.47938 0.1592 0.0 6.82371 0.30478 0.82372 0.16531 0.29892 0.14813 1.26247 0.0 6.66574 0.46578 0.83007 0.2008 0.28656 0.13922 2.05845 0.0 0.0 0.0 2.37026 0.18541 0.00155 0.00194
40 0.07567 0.0 9.73484 0.41516 6.95193 0.77912 5.81622 0.60978 0.56031 0.0 9.33797 0.38531 1.98244 0.36419 1.0301 0.29716 3.50176 0.0 9.14619 0.44279 1.9902 0.34545 1.13837 0.27051 4.92969 0.0 0.0 0.0 2.18011 0.36975 0.06145 0.04598
45 0.15357 0.0 10.95803 0.46718 9.53001 0.71301 8.38604 0.61881 1.56484 0.0 11.03814 0.4429 4.30487 0.63793 2.8909 0.41058 6.44197 0.0 10.82433 0.43632 4.22654 0.74454 2.8805 0.55596 8.07882 0.0 0.0 0.0 1.66879 0.47448 0.09184 0.0418
50 0.33886 0.0 12.16519 0.52244 11.50365 0.64319 10.63542 0.62236 3.39886 0.0 12.34772 0.47715 6.94573 0.5421 5.31864 0.51416 9.41512 0.0 12.11249 0.45446 6.83131 0.72322 5.21801 0.82465 10.96247 0.0 0.0 0.0 2.25654 0.45682 0.34715 0.11236
55 0.66556 0.0 13.36041 0.5726 13.04567 0.6109 12.25123 0.60851 5.93242 0.0 13.5942 0.50436 10.22527 0.49092 7.95595 0.4776 11.99798 0.0 13.33966 0.48799 9.97206 0.74617 7.70168 0.75736 12.94051 0.0 0.0 0.0 2.08369 0.30622 0.52344 0.14705
60 1.23491 0.0 14.54432 0.62089 14.33286 0.65987 13.68972 0.67406 8.79716 0.0 14.81592 0.54843 12.97683 0.58564 10.56506 0.67233 13.92616 0.0 14.53873 0.52985 12.59166 0.77398 10.20203 0.83385 14.40697 0.0 0.03163 0.05336 2.97921 0.40962 0.76581 0.14989
65 2.20807 0.0 15.72324 0.66829 15.58712 0.68551 15.27463 0.67181 11.69258 0.0 16.02166 0.59181 15.06729 0.58116 13.3506 0.56008 15.36637 0.0 15.71691 0.57295 14.82181 0.6456 13.14669 0.77514 15.72358 0.0 0.30026 0.17817 3.69121 0.44596 1.0151 0.08151
70 3.52543 0.0 16.89379 0.71624 16.77603 0.73569 16.57256 0.72437 14.31651 0.0 17.21887 0.63565 16.65163 0.58698 15.21602 0.67185 16.68235 0.0 16.88611 0.61629 16.31753 0.68053 15.1151 0.88436 16.9563 0.0 1.21245 0.47776 3.96947 0.5138 1.05335 0.21826
75 5.20796 0.0 18.05119 0.76265 17.94422 0.78061 17.79715 0.77326 16.4352 0.0 18.40903 0.67825 18.07786 0.68681 17.11918 0.70996 17.91267 0.0 18.05163 0.66265 17.69752 0.73699 16.78604 0.70715 18.15457 0.0 2.89109 0.88001 4.54908 0.9172 1.50678 0.20391
80 7.27555 0.0 19.19937 0.80905 19.10583 0.82305 18.97881 0.80642 18.23682 0.0 19.59171 0.71813 19.36714 0.71666 18.52363 0.86019 19.08648 0.0 19.20837 0.70684 18.93629 0.76709 18.19804 0.83179 19.3344 0.0 5.88674 1.30987 3.91769 0.59401 2.03953 0.44848
85 9.48418 0.0 20.33697 0.85423 20.25288 0.868 20.14029 0.86725 19.78705 0.0 20.76521 0.75799 20.55736 0.74171 19.76189 0.75927 20.25329 0.0 20.35604 0.74892 20.12302 0.79502 19.41851 0.80928 20.50667 0.0 9.89499 1.45499 3.91432 1.10307 2.18036 0.26008
90 12.01981 0.0 21.46972 0.899 21.39087 0.91107 21.33849 0.89923 21.1917 0.0 21.92832 0.79844 21.74912 0.78358 21.35176 0.81136 21.41107 0.0 21.49873 0.79058 21.33479 0.83407 20.91896 0.78148 21.67426 0.0 14.32999 1.09878 3.73444 0.43087 2.76081 0.46913
95 14.58745 0.0 22.59591 0.94268 22.51921 0.95239 22.46492 0.9454 22.51254 0.0 23.08374 0.83762 22.93439 0.81841 22.6771 0.86791 22.55542 0.0 22.63372 0.83182 22.49401 0.86626 22.2728 0.87577 22.82818 0.0 18.42205 0.84385 3.81385 1.11042 3.72364 0.61091
100 16.73568 0.0 23.71159 0.98544 23.63888 0.9945 23.56729 0.97662 23.72209 0.0 24.23108 0.87661 24.10956 0.86584 23.72534 0.91119 23.68864 0.0 23.75951 0.87379 23.65847 0.89366 23.20718 0.87361 23.97315 0.0 21.41798 0.82857 3.69811 0.34211 4.91418 0.61164
