5 0.0 0.00359026871286 0.0 0.00472807859344 0.339962529032 0.00541020367582 0.0 0.00361792034696
10 0.0 0.00665023541559 0.011314441654 0.0094310211449 1.61458367957 0.00340160999883 0.0 0.00682795088888
15 1.00049024022e-06 0.00878599089236 0.240263464549 0.0133421167103 2.71153404094 0.00699262707341 0.0 0.00884228055742
20 0.0115426708909 0.0118678766161 1.77918205054 0.012835626643 3.94844443147 0.00430734251017 0.0394661351112 0.0118166019501
25 0.109075991348 0.0142818351455 6.20996154478 0.00896051864896 4.90530691334 0.003094161693 0.196847736352 0.013551187766
30 0.761177648145 0.0131720330258 13.7767716054 0.0049539039676 5.58681533838 0.00201405901602 1.06410111054 0.0123192604267
35 3.51527290821 0.0113845665908 21.9049000267 0.0027250041614 8.08891384144 0.00338439896452 3.74356720534 0.0121964742899
40 9.06743549198 0.00722507923891 28.2189975322 0.00171077090202 13.1046773969 0.00248996477477 8.04614485008 0.00747768073163
45 16.2391954427 0.004873890887 32.8204999534 0.001251862055 19.7302086263 0.00100032274366 14.2492900115 0.00402946901112
50 24.1152967596 0.00313486854255 36.625401582 0.00118231374618 27.5372302471 0.00115967009718 21.5192196617 0.00330756671009
55 31.5364770881 0.0022051545966 40.2942682872 0.00118807819239 35.3266931778 0.000609869508477 28.4323037202 0.00223155833631
60 38.3651903931 0.00165116933868 43.93059613 0.00119305243659 42.8805627166 0.000633950225405 35.2226226966 0.00164511638894
65 44.9905968204 0.00147558315344 47.7620687981 0.00120360977396 49.1674297229 0.000623666278621 42.7870198409 0.00150090747659
70 51.4805927098 0.00148919150254 52.2112239976 0.00121334974816 53.7146674126 0.000616469461632 47.9570269543 0.00149767898118
75 57.7103964815 0.00144829369551 57.4029379353 0.00121274716482 58.2686818849 0.000614177413451 53.2091493714 0.00144382175467
80 63.9332481508 0.00144297858184 63.8861895865 0.00120646296306 61.3269433677 0.000610217586355 57.740016324 0.0014313114691
85 70.0311930191 0.00144436188691 71.3532019556 0.00119786556949 64.8475799343 0.000606543065465 61.5010548796 0.00144261305753
90 76.2968397378 0.00142267653834 79.2267586193 0.00118666996547 68.2092215273 0.000602998058123 66.3700267022 0.00142654605058
95 82.4835865064 0.00142811793867 86.7354167516 0.00117639291356 71.7614559958 0.000622491706146 71.1384564227 0.00142882578138
100 88.1195700155 0.00144502089433 93.1201654745 0.00116515470134 75.1050279946 0.000618821560497 75.4139872426 0.00144972922222
