5 0.150384615385 0.023991975483 0.150384615385 0.023991975483 0.201923076923 0.0230940372437 0.607692307692 0.160198959138
10 0.27 0.014492680054 0.27 0.014492680054 0.420769230769 0.0219575081847 0.619230769231 0.150089235784
15 0.392692307692 0.0227519211751 0.392692307692 0.0227519211751 0.620384615385 0.0351012334786 0.835576923077 0.0952970821995
20 0.501923076923 0.0348608001144 0.501923076923 0.0348608001144 0.808076923077 0.0530318847934 0.861538461539 0.0700712063867
25 0.638653846154 0.0342168518812 0.638653846154 0.0342168518812 0.981153846154 0.0136298219848 0.861538461539 0.0700712063867
30 0.763461538462 0.031449933914 0.763461538462 0.031449933914 1.0 0.0 0.955769230769 0.0446140649672
35 0.886923076923 0.0366519658893 0.886923076923 0.0366519658893 1.0 0.0 0.990384615385 0.0122137036239
40 0.967307692308 0.0230940372438 0.967307692308 0.0230940372438 1.0 0.0 1.0 0.0
45 0.999230769231 0.00143032251085 0.999230769231 0.00143032251085 1.0 0.0 1.0 0.0
50 1.0 0.0 1.0 0.0 1.0 0.0 1.0 0.0
55 1.0 0.0 1.0 0.0 1.0 0.0 1.0 0.0
60 1.0 0.0 1.0 0.0 1.0 0.0 1.0 0.0
65 1.0 0.0 1.0 0.0 1.0 0.0 1.0 0.0
70 1.0 0.0 1.0 0.0 1.0 0.0 1.0 0.0
75 1.0 0.0 1.0 0.0 1.0 0.0 1.0 0.0
80 1.0 0.0 1.0 0.0 1.0 0.0 1.0 0.0
85 1.0 0.0 1.0 0.0 1.0 0.0 1.0 0.0
90 1.0 0.0 1.0 0.0 1.0 0.0 1.0 0.0
95 1.0 0.0 1.0 0.0 1.0 0.0 1.0 0.0
100 1.0 0.0 1.0 0.0 1.0 0.0 1.0 0.0
