5 0.0576170500489 0.00840475134441 0.0576170500489 0.00840475134441 0.0874352571127 0.0100000114644 0.218446846537 0.0688494981079
10 0.0315763645513 0.0137214697011 0.0315763645513 0.0137214697011 0.182198421488 0.00950787994585 0.165497460293 0.063308182875
15 0.063212162713 0.0090528660823 0.063212162713 0.0090528660823 0.26863441852 0.0151992799482 0.206965016407 0.0423516114487
20 0.0458917441539 0.0191999113932 0.0458917441539 0.0191999113932 0.349907571798 0.0229634797208 0.171648980273 0.0268578612785
25 0.0620524524792 0.0178439021406 0.0620524524792 0.0178439021406 0.424852077895 0.00590188604386 0.111322732414 0.0287042191802
30 0.0227313880553 0.00579331416764 0.0227313880553 0.00579331416764 0.433012701892 3.44061679921e-17 0.0979479103143 0.0175168217204
35 0.038573340412 0.0112151964869 0.038573340412 0.0112151964869 0.433012701892 3.44061679921e-17 0.0705982151466 0.0175877514623
40 0.0519666368346 0.0226181744471 0.0519666368346 0.0226181744471 0.433012701892 3.44061679921e-17 0.0281955383638 0.0132220989582
45 0.00979722598118 0.0165683519077 0.00979722598118 0.0165683519077 0.433012701892 3.44061679921e-17 0.0033515857208 0.00411283575388
50 0.0 0.0 2.22044604926e-17 2.75249343938e-17 0.433012701892 3.44061679921e-17 9.5638811067e-17 6.46588797474e-17
55 0.0 0.0 1.79377865878e-16 5.28350947197e-17 0.433012701892 3.44061679921e-17 1.89231918853e-16 5.19454095042e-17
60 0.0 0.0 2.27490659709e-16 3.61758520103e-17 0.433012701892 3.44061679921e-17 1.79827609172e-16 3.08838063505e-17
65 0.0 0.0 2.21464966098e-16 4.0468231835e-17 0.433012701892 3.44061679921e-17 1.78743367692e-16 4.65678883529e-17
70 0.0 0.0 2.48034614758e-16 5.14396819233e-17 0.433012701892 3.44061679921e-17 1.78423066201e-16 5.51467638974e-17
75 0.0 0.0 2.12946254743e-16 4.59595682102e-17 0.433012701892 3.44061679921e-17 1.63669283489e-16 6.25673647828e-17
80 0.0 0.0 2.38262074217e-16 6.22881452005e-17 0.433012701892 3.44061679921e-17 1.88601978855e-16 5.71250757547e-17
85 0.0 0.0 2.09798821959e-16 4.88535937136e-17 0.433012701892 3.44061679921e-17 2.32101362126e-16 7.14940572378e-17
90 0.0 0.0 2.74673410633e-16 4.23704818555e-17 0.433012701892 3.44061679921e-17 2.13802671744e-16 4.82391577353e-17
95 0.0 0.0 2.32593631106e-16 3.98816621796e-17 0.433012701892 3.44061679921e-17 2.03713622977e-16 4.78323278425e-17
100 0.0 0.0 2.81544002046e-16 7.27947003453e-17 0.433012701892 3.44061679921e-17 2.02566643333e-16 4.84620455758e-17
