5 25.55 4.9573859644 25.55 4.9573859644 25.55 4.9573859644 24.15 4.23797597917
10 53.3 6.15951634465 53.3 6.15951634465 53.3 6.15951634465 51.9 5.43842609585
15 82.55 9.85224175505 82.55 9.85224175505 82.55 9.85224175505 81.15 9.06915742503
20 117.55 13.0810361822 117.2998 13.0786545435 113.1501 9.18288498188 116.15 12.2903487501
25 143.6 15.1522071792 142.5003 14.5917544296 126.1502 4.12085243115 142.15 14.301991204
30 169.1 15.4279517241 167.8998 14.328559327 130.0001 0.00171877584344 167.95 15.2101872309
35 192.9 11.0655844129 191.5506 10.4337639531 130.003 0.00339481958283 190.6998 10.5467394267
40 209.65 3.40625782935 205.4011 6.17496835353 129.9986 0.00384279981264 206.65 5.19122201106
45 214.3 0.151820947171 214.1984 0.205423933733 129.998 0.00494293192346 214.5006 0.00092764130999
50 214.5 0.0 214.4958 0.00185528261998 130.002 0.00499703912332 214.4988 0.00151314031074
55 214.5 0.0 214.5001 0.0020453611906 129.9941 0.00635989043931 214.5011 0.00277808826353
60 214.5 0.0 214.4999 0.00448193333284 130.0008 0.00450203083063 214.5018 0.00340386039667
65 214.5 0.0 214.4974 0.00270451592711 130.0029 0.0077287151843 214.5009 0.00411553330687
70 214.5 0.0 214.4994 0.00439319910771 129.9922 0.00735874945898 214.4998 0.00461994909062
75 214.5 0.0 214.5006 0.00407566907391 130.0035 0.00718681514998 214.4968 0.00598233613231
80 214.5 0.0 214.498 0.00828317427077 129.9953 0.0082834061593 214.4945 0.00407614033125
85 214.5 0.0 214.4951 0.00669534393441 129.9944 0.00548239713994 214.4917 0.00444405958556
90 214.5 0.0 214.5047 0.00651858401802 129.96 0.0 214.4926 0.00544724870003
95 214.5 0.0 214.5058 0.00794126599479 129.96 0.0 214.49 0.00515595500368
100 214.5 0.0 214.5017 0.00753542895925 130.0 0.0 214.4873 0.00498202545156
