5 8.05 0.0 8.05 2.68545 8.05 2.68545 7.0 2.41247 5.25 0.0 5.25 4.38105 5.25 4.38105 5.25 4.38105 4.15 0.0 4.15 2.84048 4.15 2.84048 4.15 2.84048 8.1 0.0 8.1 4.07802 8.1 4.07802 7.75 4.0673
10 16.85 0.0 16.85 5.31382 16.85 5.31382 15.8 5.30686 12.9 0.0 12.9 6.33113 12.9 6.33113 12.9 6.33113 9.1 0.0 9.1 3.89986 9.1 3.89986 9.1 3.89986 14.45 0.0 14.45 5.80678 14.45 5.80678 14.1 5.83046
15 25.6 0.0 25.6 7.5502 25.6 7.5502 24.55 7.62947 18.15 0.0 18.15 7.03562 18.15 7.03562 18.15 7.03562 17.4 0.0 17.4 5.33322 17.4 5.33322 17.4 5.33322 21.4 0.0 21.4 7.88495 21.4 7.88495 21.05 7.85034
20 31.75 0.0 31.6666 10.39821 31.0436 10.46372 30.7 10.42234 33.4 0.0 33.3166 8.28742 32.0174 7.66868 33.4 8.36142 24.5 0.0 24.4166 7.02317 23.4102 6.20595 24.5 6.99174 27.9 0.0 27.9 8.2899 26.6789 7.57157 27.55 8.1998
25 39.35 0.0 38.8733 10.8229 34.9977 9.58173 38.275 11.13248 37.2 0.0 36.9162 9.27988 33.4524 8.35513 37.2 9.43064 31.35 0.0 31.1233 6.47055 27.2952 4.15028 31.325 6.44496 35.7 0.0 35.5875 10.88958 30.4049 8.21111 35.35 10.83868
30 44.95 0.0 44.2632 12.41039 34.5014 8.49637 43.76 12.47245 47.45 0.0 46.8683 8.47746 37.0851 7.49675 47.13 8.4191 37.7 0.0 36.67 6.45076 28.5685 2.96099 37.3 7.22274 39.0 0.0 40.0983 11.4742 29.8451 7.03229 39.76 11.36624
35 50.4 0.0 48.9501 12.71508 33.1872 7.86468 48.1183 13.05362 56.2 0.0 54.8841 9.4454 37.1609 6.49323 54.9033 9.34102 44.6 0.0 41.9669 7.85004 29.3552 3.16397 41.5483 7.00584 41.7 0.0 45.7495 10.18429 30.2997 6.0955 46.1299 10.51163
40 54.9 0.0 50.0295 14.75846 32.0861 8.04099 50.4067 15.58906 62.8 0.0 58.6818 11.64365 36.5569 6.21911 59.2196 10.68033 49.4 0.0 44.1924 7.67856 29.0793 4.27073 44.1832 6.60712 42.55 0.0 52.4974 10.72223 32.2763 5.95197 52.8405 10.46979
45 60.7 0.0 51.4037 13.4377 31.2591 7.36036 50.9456 14.01724 74.2 0.0 62.9905 10.7297 37.5243 5.5476 62.8315 10.82751 50.75 0.0 46.6133 7.98075 29.265 4.58421 45.1483 7.13407 28.65 0.0 53.1909 8.97349 31.9496 5.16546 55.5752 9.22961
50 70.05 0.0 53.9442 12.67237 32.8249 6.85191 53.0396 13.56597 79.15 0.0 60.1985 10.38255 35.7644 5.4665 60.0966 10.71062 52.45 0.0 47.2062 7.17844 29.7828 4.07891 45.6672 6.54521 12.85 0.0 53.1469 9.29422 31.6299 5.51324 55.6954 10.60605
55 74.95 0.0 53.5632 11.77162 32.5864 6.44748 52.3161 12.70097 82.45 0.0 57.1426 8.39432 33.9548 4.2858 57.6569 9.05784 50.4 0.0 49.3722 6.88991 30.8997 4.1474 47.5321 7.06124 6.7 0.0 54.4221 9.34722 32.5532 5.38315 56.996 10.67482
60 81.85 0.0 52.9596 10.46434 32.5983 5.66218 52.619 11.1936 88.45 0.0 56.7827 7.32754 33.6695 3.60677 57.1761 7.75369 42.3 0.0 49.0106 7.17697 30.2379 3.97513 46.9291 6.68371 1.9 0.0 55.747 9.95677 33.4951 5.60672 57.7776 10.45994
65 88.6 0.0 52.6144 9.17739 32.5168 4.77208 51.3746 9.57955 92.5 0.0 56.4379 7.30734 33.7112 3.74129 56.8465 7.57375 32.35 0.0 50.0923 5.83988 30.5623 3.16594 48.6249 5.86357 1.05 0.0 55.3528 10.17954 33.2126 5.69843 57.6549 10.32491
70 96.0 0.0 53.3984 7.50857 32.9551 3.86629 51.4416 8.28019 96.45 0.0 55.5681 6.7886 33.1561 3.49167 56.7314 7.04777 22.0 0.0 52.0164 5.54222 31.3814 3.1175 49.6002 5.96758 0.05 0.0 53.5165 9.54824 32.4996 5.63392 56.7266 9.60111
75 101.95 0.0 53.1679 7.75195 32.8391 4.32552 51.0462 8.7092 98.5 0.0 56.4005 6.63399 33.6592 3.47453 57.8427 6.64001 14.0 0.0 51.6327 4.98193 31.2208 2.87008 50.6256 4.98561 0.05 0.0 53.2995 9.90126 32.2844 5.89832 54.9823 9.24816
80 106.25 0.0 52.3508 6.75864 32.2092 3.90304 50.2905 7.7377 98.4 0.0 55.3696 5.9819 33.5164 2.9285 57.2671 5.93886 9.85 0.0 51.9077 4.9545 31.3644 2.92982 51.4524 5.12393 -0.0 0.0 54.8699 9.50272 32.9053 5.48514 55.4845 8.59384
85 113.15 0.0 52.9287 6.22654 32.5412 3.4056 50.4886 7.41128 95.5 0.0 55.1175 6.17689 33.2057 3.1179 56.9622 5.90866 5.85 0.0 51.6225 5.10606 31.3506 3.13959 51.6459 5.0097 -0.0 0.0 54.8264 7.96493 32.8969 4.83399 55.395 7.9074
90 120.25 0.0 52.5866 5.65654 32.49 2.92077 50.414 6.63822 91.85 0.0 55.2621 6.5708 33.3564 3.40688 56.3205 5.85992 2.4 0.0 50.5283 5.24558 30.6128 3.344 50.9774 5.06875 0.0 0.0 56.1277 7.69263 33.5008 4.54251 56.7807 7.46253
95 126.4 0.0 52.2313 5.19753 32.148 2.76705 50.2625 6.26587 87.45 0.0 56.2695 6.1215 34.0632 3.20522 56.7184 5.30961 0.65 0.0 50.2373 4.882 30.5064 3.01092 51.2225 5.07721 0.0 0.0 55.7677 7.97713 33.2424 4.7671 56.2866 7.82947
100 132.45 0.0 52.5258 5.06554 32.37 2.70736 50.2986 6.40901 81.95 0.0 56.9817 5.35692 34.32 2.90963 57.1008 4.63171 0.1 0.0 49.5327 4.22474 30.16 2.71574 51.0888 4.63561 -0.0 0.0 55.4615 7.35368 33.15 4.41694 55.9991 7.51962
