5 0.0 0.0 0.0 0.0 -0.453336609469 0.0447041045072 0.0 0.0
10 0.0 0.0 -0.005618589834 0.0037114228187 -2.11576357577 0.171069190269 0.0 0.0
15 0.0 0.0 -0.440085987324 0.173340432045 -2.73921463522 0.347681927752 0.0 0.0
20 -0.0123600501848 0.0140512147181 -4.20815661113 0.799575996224 -1.89989133884 0.206238818566 -0.0186405094556 0.021676491547
25 -0.201393509472 0.165585304117 -16.7812108958 1.71112821951 -2.22095484602 0.370297176734 -0.291640339888 0.203264023576
30 -1.51148762655 0.60208509487 -37.6662366454 2.76569292013 -4.92783522778 0.950225390614 -2.41720047085 0.774167060187
35 -6.83386788839 1.50351280723 -62.5699826388 3.5825021192 -12.6700073485 1.73661964779 -9.12236362448 1.66472377399
40 -18.9730655412 2.77372700263 -88.6320526487 4.13104544371 -26.0448428377 3.11279901788 -22.9782877619 2.756351619
45 -37.6857268499 3.97135113567 -114.859135061 4.61720596957 -44.7609383572 4.03220670136 -42.4463605508 3.90553188089
50 -60.5201858009 4.71006098498 -140.981188809 5.10205277324 -66.7817162262 4.72551928933 -64.9624786419 4.63601473513
55 -85.304750014 5.24276172244 -166.901856122 5.56710159582 -90.3800457868 5.38214659309 -88.4869405562 5.09167374054
60 -110.662783656 5.75127414586 -192.636354211 6.03110777845 -115.074733637 5.98411645846 -112.933438229 5.67648429674
65 -136.127687676 6.23371109693 -218.225133175 6.49910863082 -139.423348465 6.35883198497 -137.403849896 6.14860104254
70 -161.498190916 6.69900697805 -243.67122775 6.95586917547 -164.26175416 6.87281329793 -162.368931253 6.62729510291
75 -186.722175578 7.16485553048 -268.952543642 7.41362624362 -189.001906286 7.18117040144 -187.284713275 7.01059983457
80 -211.824564036 7.6167022893 -294.10420858 7.85562997457 -214.561246521 7.89315381415 -212.202852015 7.60017736277
85 -236.773104034 8.0682442158 -319.099842505 8.29705170228 -238.596609557 8.12144311019 -236.99469944 8.05896593851
90 -261.60986278 8.50943966499 -343.974348783 8.72850601431 -263.128688933 8.43570402679 -261.811002178 8.46949721689
95 -286.257967719 8.93146778021 -368.655997377 9.14201162875 -287.608759181 8.89293227173 -286.376952644 8.91793018045
100 -310.688409726 9.32222827519 -393.118941931 9.51988134101 -311.955474902 9.28194761882 -310.809383169 9.30423819413
