5 0.0 0.0 0.0 0.0 -0.11371 0.01674 0.0 0.0 0.0 0.0 0.0 0.0 -0.10613 0.01708 0.0 0.0 0.0 0.0 0.0 0.0 -0.11854 0.01899 0.0 0.0 0.0 0.0 0.0 0.0 -0.11496 0.02302 0.0 0.0
10 0.0 0.0 -0.00081 0.00066 -0.53201 0.04688 0.0 0.0 0.0 0.0 -0.00186 0.00128 -0.56009 0.05858 0.0 0.0 0.0 0.0 -0.00149 0.00122 -0.52876 0.08848 0.0 0.0 0.0 0.0 -0.00145 0.00117 -0.49491 0.04749 0.0 0.0
15 0.0 0.0 -0.11927 0.05534 -0.64415 0.08684 0.0 0.0 0.0 0.0 -0.10998 0.04441 -0.7038 0.11007 0.0 0.0 0.0 0.0 -0.10953 0.05469 -0.72269 0.09586 0.0 0.0 0.0 0.0 -0.1013 0.03344 -0.66857 0.14541 0.0 0.0
20 0.0 0.0 -1.09199 0.23061 -0.45639 0.06767 -0.00443 0.00654 0.0 0.0 -1.03454 0.20952 -0.47255 0.06168 -0.0042 0.00427 -0.00348 0.0 -1.05855 0.22826 -0.48862 0.07771 -0.00729 0.00966 -0.00888 0.0 -1.02307 0.18206 -0.48234 0.07319 -0.00272 0.0028
25 0.0 0.0 -4.24012 0.46461 -0.53905 0.10584 -0.07389 0.05249 -0.0 0.0 -4.20549 0.49031 -0.55642 0.09563 -0.06421 0.04031 -0.02458 0.0 -4.22936 0.5482 -0.58722 0.11874 -0.08619 0.06432 -0.17681 0.0 -4.10624 0.45824 -0.53826 0.08592 -0.06735 0.04873
30 0.0 0.0 -9.47584 0.80832 -1.3154 0.27987 -0.62519 0.21247 -6e-05 0.0 -9.41045 0.90388 -1.18234 0.23661 -0.59662 0.21237 -0.1645 0.0 -9.46969 0.9725 -1.25436 0.30874 -0.59154 0.17938 -1.34693 0.0 -9.31026 0.80797 -1.17574 0.17848 -0.60385 0.19068
35 -0.0 0.0 -15.62482 1.12711 -3.24766 0.47601 -2.4098 0.52264 -0.00686 0.0 -15.65757 1.33014 -3.10207 0.4737 -2.20648 0.41228 -0.78511 0.0 -15.74313 1.33379 -3.19716 0.54903 -2.32327 0.44808 -6.0419 0.0 -15.54446 1.12833 -3.12312 0.39175 -2.18281 0.37887
40 -3e-05 0.0 -22.00947 1.43295 -6.66868 0.84204 -5.90226 0.70886 -0.07057 0.0 -22.24189 1.75565 -6.36628 0.91737 -5.58184 0.81379 -2.79589 0.0 -22.34622 1.60268 -6.56983 0.97077 -5.70036 0.77171 -16.10658 0.0 -22.03448 1.40819 -6.44006 0.74585 -5.79382 0.77395
45 -6e-05 0.0 -28.41025 1.7611 -11.29103 1.16288 -10.90265 1.12411 -0.29672 0.0 -28.86004 2.17602 -11.0689 1.2445 -10.49634 1.11463 -6.56091 0.0 -29.00962 1.83991 -11.36586 1.38216 -10.32906 1.07368 -30.82803 0.0 -28.57923 1.67317 -11.03515 1.04221 -10.71831 1.24546
50 -5e-05 0.0 -34.80456 2.09158 -16.73247 1.5152 -15.97106 1.40231 -0.78282 0.0 -35.4264 2.58666 -16.60005 1.62227 -16.62319 1.79469 -12.96276 0.0 -35.63989 2.06531 -16.87209 1.6736 -16.34051 1.57526 -46.77456 0.0 -35.11034 1.93026 -16.57711 1.28987 -16.02771 1.14849
55 -0.01651 0.0 -41.13575 2.39764 -22.54998 1.74125 -21.77689 1.77215 -1.70562 0.0 -41.92951 2.99003 -22.58897 2.05514 -22.40416 2.07946 -22.26387 0.0 -42.2312 2.29389 -22.78429 1.97621 -22.43883 1.96413 -61.31875 0.0 -41.6054 2.19793 -22.4568 1.609 -21.86706 1.59174
60 -0.00611 0.0 -47.4198 2.70187 -28.61585 2.01449 -28.50738 2.02258 -3.24311 0.0 -48.35963 3.38157 -28.88189 2.49284 -28.18372 2.36296 -33.99458 0.0 -48.78463 2.52359 -28.89508 2.26208 -28.03078 2.17085 -73.41899 0.0 -48.07229 2.48535 -28.68191 1.84435 -28.21156 2.07034
65 -0.04698 0.0 -53.67188 2.9983 -34.56403 2.28576 -34.52934 2.42123 -5.54797 0.0 -54.74316 3.76496 -35.015 2.85124 -34.25467 2.79451 -47.64822 0.0 -55.30085 2.75679 -35.15317 2.48706 -34.41469 2.66243 -82.88452 0.0 -54.50924 2.78448 -34.69115 2.13343 -34.20514 2.19879
70 -0.0967 0.0 -59.89863 3.31452 -40.69545 2.60211 -39.83751 2.69339 -8.9349 0.0 -61.07141 4.14834 -41.25119 3.21151 -40.98045 2.87204 -61.69893 0.0 -61.79644 2.99025 -41.42707 2.6873 -41.37626 2.63889 -90.76766 0.0 -60.90475 3.07062 -40.88804 2.39836 -40.17471 2.42371
75 -0.16958 0.0 -66.08815 3.64497 -46.83805 2.91119 -45.9313 2.22382 -13.55639 0.0 -67.33228 4.51463 -47.28919 3.53557 -46.82391 3.76273 -75.13291 0.0 -68.27378 3.22565 -47.75809 2.91255 -47.85866 2.61885 -97.86329 0.0 -67.25833 3.36103 -47.11657 2.64337 -46.67084 2.60143
80 -0.38905 0.0 -72.25457 3.97541 -53.03328 3.27711 -52.41746 3.10561 -18.95012 0.0 -73.53262 4.85631 -53.69835 4.03214 -53.54871 3.3658 -87.9813 0.0 -74.72669 3.46236 -54.37357 3.18814 -53.61554 3.25984 -104.50409 0.0 -73.59032 3.65631 -53.45605 2.84668 -52.62114 3.35018
85 -0.6881 0.0 -78.37014 4.27788 -58.89412 3.55141 -59.31262 3.77493 -25.59599 0.0 -79.68518 5.20182 -59.5993 4.25279 -59.51079 3.82139 -99.53427 0.0 -81.15049 3.70781 -60.51158 3.3476 -59.65924 3.5683 -110.95474 0.0 -79.89403 3.95287 -59.59161 3.21093 -58.51205 3.37173
90 -0.92396 0.0 -84.47359 4.57109 -64.84288 3.87565 -64.61264 4.14252 -33.54273 0.0 -85.80876 5.54046 -65.70232 4.56789 -65.15695 5.003 -109.84304 0.0 -87.52913 3.96017 -66.80269 3.55179 -66.3244 3.45634 -117.30013 0.0 -86.16287 4.24681 -65.78079 3.46297 -65.717 3.80614
95 -1.37736 0.0 -90.55683 4.8603 -70.90596 4.18911 -71.00423 4.05435 -42.49383 0.0 -91.88158 5.86631 -71.74091 4.90213 -71.34488 5.13672 -118.83104 0.0 -93.86071 4.20396 -73.07549 3.76324 -72.54118 3.81447 -123.55573 0.0 -92.35687 4.53712 -71.88639 3.78125 -71.48666 4.1327
100 -1.85928 0.0 -96.58952 5.15709 -76.82621 4.49884 -76.309 4.20771 -52.12586 0.0 -97.91082 6.1882 -77.80841 5.24435 -78.24742 5.53113 -126.94182 0.0 -100.11446 4.44746 -79.26979 4.01203 -78.19498 3.90861 -129.76146 0.0 -98.50414 4.81315 -78.05107 4.06657 -78.05798 4.60551
