5 0.0 0.0 0.0 0.0 0.0 0.0 0.0 0.0 0.0 0.0 0.0 0.0 0.0 0.0 0.0 0.0 0.0 0.0 0.0 0.0 0.0 0.0 0.0 0.0 0.0 0.0 0.0 0.0 0.0 0.0 0.1 0.18594
10 0.0 0.0 0.0 0.0 0.0 0.0 0.0 0.0 0.0 0.0 0.0 0.0 0.0 0.0 0.0 0.0 0.0 0.0 0.0 0.0 0.0 0.0 0.1 0.18594 0.0 0.0 0.0 0.0 0.0 0.0 0.4 0.41113
15 0.0 0.0 0.0 0.0 0.0 0.0 0.3 0.28403 0.0 0.0 0.0 0.0 0.0 0.0 0.1 0.18594 0.0 0.0 0.0 0.0 0.0 0.0 0.1 0.18594 0.0 0.0 0.0 0.0 0.0 0.0 0.6 0.49585
20 0.0 0.0 0.0 0.0 0.0 0.0 0.5 0.41578 0.0 0.0 0.0 0.0 0.0 0.0 0.4 0.30364 0.0 0.0 0.0 0.0 0.0 0.0 0.6 0.49585 0.0 0.0 0.0 0.0 0.0 0.0 1.1 1.01656
25 0.0 0.0 0.0 0.0 0.0 0.0 0.8 0.46382 0.0 0.0 0.0 0.0 0.0 0.0 0.8 0.60728 0.0 0.0 0.0 0.0 0.0 0.0 1.6 0.63208 0.0 0.0 0.0 0.0 0.0 0.0 1.6 1.49783
30 0.0 0.0 0.0 0.0 0.0 0.0 1.7 0.83386 0.0 0.0 0.1 0.18594 0.0 0.0 1.6 0.96817 0.0 0.0 0.0 0.0 0.0 0.0 2.4 0.92764 0.0 0.0 0.0 0.0 0.1 0.18594 2.0 1.41338
35 0.0 0.0 0.0 0.0 0.0 0.0 2.9 1.12423 0.0 0.0 0.0 0.0 0.0 0.0 3.1 0.80575 0.0 0.0 0.0 0.0 0.1 0.18594 3.4 0.96817 0.0 0.0 0.0 0.0 0.2 0.24792 3.1 1.39835
40 0.0 0.0 0.3 0.39687 0.1 0.18594 4.3 1.07532 0.0 0.0 0.2 0.24792 0.1 0.18594 4.0 0.784 0.0 0.0 0.1 0.18594 0.1 0.18594 4.4 1.2458 0.3 0.0 0.1 0.18594 0.3 0.39687 4.6 1.80064
45 0.0 0.0 0.8 0.60728 0.1 0.18594 5.8 1.10179 0.0 0.0 0.7 0.68179 0.2 0.24792 5.2 1.06636 0.0 0.0 0.8 0.66755 0.3 0.28403 5.5 1.21615 0.7 0.0 0.5 0.4997 0.6 0.49585 5.5 1.73656
50 0.0 0.0 0.7 0.48408 0.9 0.70396 6.7 1.17763 0.0 0.0 0.6 0.41113 0.8 0.54033 6.0 1.30012 0.2 0.0 1.4 0.96817 0.5 0.41578 6.2 1.13612 2.3 0.0 1.1 1.08952 1.4 0.96817 6.7 1.83969
55 0.0 0.0 2.6 1.69061 1.1 0.70396 7.7 1.20981 0.0 0.0 2.3 1.20981 1.2 0.66755 7.7 1.51947 0.6 0.0 2.7 1.49398 1.0 0.73336 7.8 1.48754 4.7 0.0 2.8 1.58748 1.9 1.31335 8.2 1.83446
60 0.0 0.0 3.5 1.08245 2.5 1.21615 8.3 1.44163 0.0 0.0 3.2 1.16945 1.9 1.01656 8.3 1.41473 1.6 0.0 4.4 2.20358 1.8 0.86773 8.5 1.54952 7.9 0.0 3.9 1.74098 2.5 1.75855 9.2 1.85528
65 0.0 0.0 5.3 1.96098 4.1 1.92938 9.5 1.39284 0.0 0.0 4.2 1.51314 3.2 1.40793 10.0 1.4403 2.3 0.0 4.8 1.91639 2.6 1.04452 10.1 1.57899 11.5 0.0 4.9 1.9688 3.3 1.54455 10.6 2.18608
70 0.0 0.0 7.5 1.73656 5.0 1.63985 10.6 1.27626 0.0 0.0 6.5 2.22181 4.1 1.74098 11.4 1.82185 3.6 0.0 6.7 2.41725 3.5 1.08245 11.6 1.75745 14.7 0.0 6.1 1.90937 4.1 1.78457 11.8 2.50696
75 0.0 0.0 8.9 1.94919 6.5 2.11553 12.4 1.30601 0.1 0.0 7.8 1.32354 5.4 1.80064 12.8 1.35226 6.4 0.0 8.6 1.96392 5.5 1.59833 13.2 1.58748 18.3 0.0 8.5 2.63327 5.5 1.86458 13.2 2.71303
80 0.0 0.0 10.5 1.96489 7.4 2.02175 13.9 1.47847 0.1 0.0 10.0 1.35793 5.8 1.68149 14.0 1.38593 10.8 0.0 9.9 2.08259 6.9 1.71878 15.4 1.49783 19.6 0.0 9.7 2.43309 6.5 1.94524 14.2 2.58244
85 0.0 0.0 11.8 2.36503 9.0 1.77486 15.2 1.40793 0.3 0.0 11.6 1.30601 7.0 1.77486 15.4 1.27626 13.9 0.0 12.9 2.06406 8.8 1.79209 16.9 1.62692 20.9 0.0 11.6 2.27225 8.1 2.343 15.6 2.5735
90 0.0 0.0 13.2 2.31579 10.0 1.77486 16.7 1.75417 1.0 0.0 12.4 1.77918 7.9 1.76291 16.7 1.24116 16.9 0.0 14.2 1.95608 10.0 1.70869 18.2 1.6115 22.3 0.0 13.9 2.48619 9.7 2.28657 17.2 2.4449
95 0.0 0.0 13.4 2.20358 11.4 1.82185 18.2 2.01413 1.9 0.0 14.3 1.73213 9.7 1.54455 18.8 1.29419 19.8 0.0 14.8 2.24845 10.9 1.76291 19.0 1.568 22.9 0.0 13.5 2.55928 10.3 2.16578 17.8 2.34873
100 0.0 0.0 15.9 2.00745 12.4 1.73546 19.2 1.85528 2.9 0.0 15.8 1.97562 12.0 2.11098 21.4 1.47196 21.3 0.0 16.2 2.08903 12.1 1.42555 20.3 1.73213 23.7 0.0 14.9 2.85985 11.8 2.47612 19.2 2.07056
