5 0.0 0.0400427407931 0.0 0.0269536492326 0.0 0.0548504780681 0.1 0.173215992326
10 0.0 0.0748004130174 0.0 0.0775465804213 0.0 0.0957849658657 0.5 0.179334932786
15 0.0 0.0778889605776 0.0 0.0829506710541 0.0 0.0874828857016 1.1 0.130041534245
20 0.0 0.0853964009436 0.0 0.0789002302504 0.0 0.0942905079586 2.6 0.0478056466633
25 0.0 0.0632954640155 0.0 0.0907077644229 0.0 0.0901616719008 4.8 0.0357580627727
30 0.0 0.0690583627152 0.1 0.0885022002466 0.1 0.0931620556687 7.7 0.0357580627727
35 0.0 0.0670515341882 0.0 0.0685299220189 0.3 0.0777331175429 12.5 0.0
40 0.3 0.068039664943 0.7 0.0655736843998 0.6 0.0577455066411 17.3 0.0
45 0.7 0.0498689087221 2.8 0.0518225258776 1.2 0.0460358025867 22.0 0.0
50 2.5 0.0385568860446 3.8 0.0251743436996 3.6 0.0265518758244 25.6 0.0
55 5.3 0.0339680400553 10.4 0.0 5.2 0.0127396392897 31.4 0.0
60 9.5 0.0324206435806 15.0 0.0156938164392 8.7 0.00665497279388 34.3 0.0
65 13.8 0.00365526863896 19.2 0.000735026845884 13.2 0.0 40.2 0.0
70 18.3 0.0 26.8 0.0 16.7 0.0 45.4 0.0
75 24.8 0.0 33.8 0.0 22.9 0.0 51.6 0.0
80 30.5 0.0 40.1 0.0 26.6 0.0 57.5 0.0
85 35.1 0.0 47.9 0.0 32.9 0.0 63.1 0.0
90 40.2 0.0 53.7 0.0 37.6 0.0 68.8 0.0
95 44.6 0.0 56.0 0.0 42.3 0.0 73.8 0.0
100 47.9 0.0 62.8 0.0 48.3 0.0 80.1 0.0
