5 6e-05 0.0 0.00027 0.00025 0.04438 0.00698 6e-05 0.00011 0.00109 0.0 0.00109 0.00143 0.04457 0.00659 0.00109 0.00143 0.00021 0.0 0.00068 0.00106 0.04402 0.00866 0.00048 0.0006 0.00074 0.0 0.00118 0.00152 0.04221 0.00725 0.00094 0.00138
10 0.00012 0.0 0.00254 0.00259 0.09727 0.01665 0.00037 0.00049 0.00216 0.0 0.00251 0.00287 0.10495 0.02004 0.00231 0.00301 0.00043 0.0 0.00294 0.00282 0.08602 0.01253 0.00149 0.00171 0.00169 0.0 0.00261 0.00307 0.09786 0.00941 0.0017 0.00279
15 0.00043 0.0 0.00638 0.00462 0.13047 0.0234 0.00226 0.00169 0.00568 0.0 0.00828 0.00576 0.13342 0.02781 0.00595 0.00465 0.00226 0.0 0.00782 0.0052 0.12367 0.03088 0.00552 0.00354 0.00403 0.0 0.00488 0.00508 0.12128 0.02131 0.00271 0.00448
20 0.00072 0.0 0.01356 0.00753 0.17893 0.03892 0.01392 0.00802 0.0072 0.0 0.01727 0.00963 0.17298 0.02079 0.02425 0.01543 0.00812 0.0 0.01685 0.01152 0.17174 0.0469 0.01969 0.00847 0.01981 0.0 0.01079 0.00859 0.17579 0.02118 0.00688 0.00617
25 0.00089 0.0 0.03262 0.00967 0.23297 0.03224 0.08921 0.04119 0.01487 0.0 0.0397 0.01538 0.2105 0.03102 0.08363 0.0291 0.03411 0.0 0.03737 0.01909 0.20957 0.03833 0.08298 0.05661 0.10357 0.0 0.029 0.01462 0.24969 0.05289 0.06932 0.04983
30 0.00384 0.0 0.0758 0.0129 0.30949 0.05577 0.19167 0.08586 0.02908 0.0 0.09698 0.02284 0.32928 0.04622 0.18676 0.05322 0.17188 0.0 0.08433 0.03053 0.31042 0.06508 0.19692 0.06642 0.53851 0.0 0.08038 0.02682 0.3221 0.04751 0.18271 0.06741
35 0.00209 0.0 0.15707 0.02468 0.49238 0.05574 0.48043 0.17405 0.0487 0.0 0.18855 0.03345 0.51337 0.10167 0.54023 0.14042 0.442 0.0 0.18496 0.05601 0.47567 0.10285 0.51078 0.17384 1.50993 0.0 0.18099 0.04304 0.48745 0.06509 0.56304 0.20369
40 0.00909 0.0 0.32016 0.05481 0.78961 0.09556 0.99794 0.29116 0.10429 0.0 0.33515 0.05551 0.80017 0.1383 0.91793 0.24723 1.08075 0.0 0.36325 0.10282 0.75021 0.13456 0.97019 0.30912 3.21255 0.0 0.35953 0.07184 0.83696 0.10324 0.93798 0.20521
45 0.01016 0.0 0.57058 0.09743 1.1638 0.13163 1.87515 0.29199 0.27319 0.0 0.58704 0.096 1.14868 0.21005 1.98088 0.3152 2.22322 0.0 0.65097 0.16763 1.15622 0.23244 2.08202 0.33192 5.70662 0.0 0.64794 0.11362 1.20756 0.13761 2.12914 0.36271
50 0.0167 0.0 0.92992 0.15741 1.68975 0.20668 3.04124 0.50655 0.55869 0.0 0.95413 0.15138 1.77061 0.33723 3.21203 0.55154 3.63173 0.0 1.0561 0.24784 1.76454 0.3359 2.9806 0.52213 8.54658 0.0 1.05537 0.17815 1.80245 0.19417 3.189 0.52759
55 0.02403 0.0 1.46057 0.23403 2.41999 0.27987 4.23046 0.59327 0.86485 0.0 1.46731 0.22123 2.42411 0.41804 4.27488 0.55125 5.35929 0.0 1.61099 0.35038 2.48358 0.42661 4.2731 0.63217 10.92311 0.0 1.6248 0.2671 2.53458 0.29364 4.29911 0.63716
60 0.03281 0.0 2.10673 0.30598 3.28092 0.35038 5.82355 0.59461 1.21782 0.0 2.09867 0.29317 3.27231 0.49533 5.71471 0.55068 7.39143 0.0 2.30341 0.44992 3.30814 0.5379 5.654 0.50423 13.15596 0.0 2.34974 0.34377 3.45787 0.38466 5.91251 0.52995
65 0.05932 0.0 2.88664 0.36988 4.26162 0.42347 7.37125 0.6187 1.98707 0.0 2.88318 0.36548 4.32116 0.56082 7.39873 0.57357 9.68666 0.0 3.1088 0.53897 4.32617 0.61379 7.32278 0.63958 14.83869 0.0 3.16231 0.40716 4.51925 0.47346 7.61472 0.63567
70 0.08606 0.0 3.7563 0.42597 5.29397 0.4609 8.82713 0.77536 3.09609 0.0 3.76312 0.43372 5.42022 0.67225 8.47539 0.68263 11.98091 0.0 3.97797 0.64443 5.35443 0.67485 8.63029 0.84999 16.40926 0.0 4.05784 0.48691 5.59406 0.51601 8.76834 0.88903
75 0.08285 0.0 4.76818 0.50919 6.313 0.48993 10.33831 0.92255 3.8926 0.0 4.71214 0.5035 6.46855 0.70134 10.1703 0.7416 13.90654 0.0 4.90224 0.74009 6.34716 0.69332 9.87064 0.78249 17.83498 0.0 5.02206 0.56348 6.7003 0.59182 10.32999 0.73479
80 0.13261 0.0 5.80975 0.59391 7.6016 0.51065 11.29866 0.87726 5.15372 0.0 5.72721 0.59087 7.55628 0.73176 11.00137 0.81259 15.86494 0.0 5.87095 0.83782 7.43993 0.77809 10.88575 0.89498 19.10564 0.0 6.06859 0.59927 7.76533 0.69461 11.52576 0.8828
85 0.14841 0.0 6.91217 0.65387 8.64732 0.5825 12.88871 0.88281 6.39485 0.0 6.79926 0.67729 8.64013 0.81717 12.59897 0.73664 17.3304 0.0 6.86963 0.91939 8.45573 0.85506 12.37382 0.92973 20.25556 0.0 7.15451 0.63262 8.90768 0.7308 12.99399 0.88682
90 0.19238 0.0 8.06072 0.713 9.85032 0.61571 13.7758 0.77365 8.22072 0.0 7.92964 0.75593 9.82891 0.88283 13.83341 0.80815 19.12996 0.0 7.92875 0.98311 9.59012 0.86785 13.52666 0.87346 21.50492 0.0 8.29633 0.69632 10.06144 0.74275 14.05903 0.76108
95 0.25108 0.0 9.2499 0.78113 11.04118 0.76108 15.13814 0.97945 10.09712 0.0 9.1214 0.83343 10.98077 0.96994 14.79293 0.78634 20.52148 0.0 9.01443 1.04203 10.70475 0.93523 14.46974 1.03626 22.63975 0.0 9.48624 0.76598 11.31251 0.82601 14.93528 0.90545
100 0.38226 0.0 10.45502 0.85351 12.26377 0.86292 16.41929 0.99388 12.1615 0.0 10.3279 0.92094 12.21727 1.06999 16.18307 0.95548 21.96819 0.0 10.1099 1.07185 11.89993 0.98726 15.75719 0.90762 23.75132 0.0 10.70976 0.85002 12.62441 0.81497 16.4427 0.96745
