5 0.00209635506743 0.00687732908611 0.00322006862341 0.00823250015658 0.17518333907 0.00960629436187 0.00257244144738 0.006890178725
10 0.00440404369096 0.0130918765884 0.0105926228098 0.014010664314 0.38609450749 0.0110106537522 0.00586391672462 0.0127971365265
15 0.0124012236561 0.0171057645138 0.0273595010879 0.0188652888425 0.508838672599 0.0124662329158 0.0164383387401 0.0180645810449
20 0.0358431507332 0.0254636245863 0.0584675950236 0.0223019002707 0.699439232221 0.0120030785502 0.064737976753 0.0275874571414
25 0.153435198929 0.0261222796759 0.138682489059 0.0238358516969 0.902736773922 0.00732386085391 0.325144814075 0.0272297926131
30 0.743304650516 0.0290550531083 0.337485742941 0.0237166415163 1.27128249705 0.0076122811444 0.758061609871 0.0250516890919
35 2.00270619161 0.030010380683 0.711571204965 0.0224630336497 1.96887669603 0.00841376146089 2.09447480018 0.0260073664587
40 4.406675796 0.0183505082295 1.37808513222 0.0192727367185 3.17695994456 0.00681796321243 3.82402886043 0.0172131515735
45 8.21318577555 0.0148693127294 2.45652625229 0.0159190263286 4.67626112901 0.00540592909409 8.06719352833 0.00881782356788
50 12.7536944995 0.00716595725307 3.99552938816 0.0115821746401 7.02734941658 0.00372136974166 12.422875781 0.00498974683906
55 17.171293042 0.00556123283776 6.16367090122 0.00862154882792 9.86225845842 0.00290986265876 17.0775478469 0.0039132962527
60 21.7980174721 0.00356495929473 8.85855677432 0.00635339459431 13.3192482072 0.00162467312635 23.1047735047 0.00281633717782
65 26.5717412372 0.00303601057258 12.0409281618 0.00452835840333 17.4281988515 0.000871825251793 29.7074770138 0.00278384414877
70 31.5723161033 0.00282871014723 15.5552320605 0.00356707787707 21.662673253 0.000790404180868 34.7011531608 0.00280307554637
75 35.7169758036 0.0027487243781 19.4046142392 0.00322871046367 25.8290153663 0.000788563750238 40.709237908 0.00274910108859
80 40.2569078019 0.00258695902125 23.4765056478 0.00313895144421 30.3631400261 0.000621290394228 44.7115338873 0.00255100620569
85 44.129228496 0.00253023868132 27.7355679677 0.00311331542199 34.6508539894 0.000584490750066 50.8554925418 0.00253195720185
90 49.0479760325 0.00246420571139 32.2154401769 0.00306547800398 39.3307804593 0.000555300754218 55.1948940566 0.00251767579502
95 53.509425463 0.00237650086545 36.871968463 0.00303082306325 44.0392184209 0.00054624818905 59.3361003432 0.00254881213193
100 58.2632754267 0.0025825463372 41.6025842062 0.00299196413407 49.0053830734 0.000528761872131 64.8022475625 0.00266826005726
