5 0.0648359407064 0.0137457977909 0.0587392865825 0.0101165659285 0.0851036502565 0.0165123930059 0.283609993735 0.0687167332807
10 0.0829600402086 0.0201105370936 0.0851216278986 0.0238242521723 0.177535207776 0.0205165293442 0.243003894791 0.055100121512
15 0.0872741243687 0.0286076828296 0.0958767810625 0.0354959766144 0.274963065701 0.0328165063235 0.235039123172 0.0243487639985
20 0.110072060588 0.040538784075 0.114660313802 0.0478718953254 0.376887593993 0.0305867328966 0.168223106915 0.0255413141024
25 0.0752725015789 0.0277005384394 0.0976129085089 0.0399185493715 0.420188864182 0.013725771715 0.118079127005 0.0254825651401
30 0.075148638087 0.0305593221154 0.0654351624848 0.0195927306931 0.433012701892 3.44061679921e-17 0.079068567793 0.0324878206832
35 0.0545243333799 0.0225635626339 0.0640987837068 0.0244840825503 0.433012701892 3.44061679921e-17 0.0466293837526 0.0203292067984
40 0.0428975628938 0.0279172149061 0.0499369513229 0.0352115056906 0.433012701892 3.44061679921e-17 0.0225689720658 0.0138545234263
45 0.0133234677505 0.0101139074675 0.0149889012193 0.00973819266854 0.433012701892 3.44061679921e-17 3.88578058619e-17 4.36565330437e-17
50 0.0 0.0 5.35698237985e-17 3.01661983766e-17 0.433012701892 3.44061679921e-17 5.33215209513e-17 4.32113780749e-17
55 0.0 0.0 9.40879762399e-17 4.6507978889e-17 0.433012701892 3.44061679921e-17 1.525739611e-16 3.34571118053e-17
60 0.0 0.0 1.8967707618e-16 3.48279549402e-17 0.433012701892 3.44061679921e-17 1.53615354337e-16 2.53327538207e-17
65 0.0 0.0 1.91836563452e-16 3.36636888463e-17 0.433012701892 3.44061679921e-17 1.86147843536e-16 2.98977765198e-17
70 0.0 0.0 2.21347942471e-16 4.61638229924e-17 0.433012701892 3.44061679921e-17 2.02903051405e-16 4.91380465388e-17
75 0.0 0.0 2.31260929582e-16 3.16129373327e-17 0.433012701892 3.44061679921e-17 1.71112662781e-16 4.98384351051e-17
80 0.0 0.0 2.37429310167e-16 4.99306915096e-17 0.433012701892 3.44061679921e-17 2.01950432006e-16 4.57076945271e-17
85 0.0 0.0 2.24895591099e-16 6.33156870492e-17 0.433012701892 3.44061679921e-17 1.85731547462e-16 8.2182073057e-17
90 0.0 0.0 1.9872265857e-16 3.74464436242e-17 0.433012701892 3.44061679921e-17 1.9488752997e-16 3.56633225505e-17
95 0.0 0.0 2.47711888744e-16 5.84617258113e-17 0.433012701892 3.44061679921e-17 1.66531598109e-16 3.60887829954e-17
100 0.0 0.0 2.8770379158e-16 6.28651880769e-17 0.433012701892 3.44061679921e-17 2.00097399969e-16 3.09007143938e-17
