5 0.154615384616 0.0319483166209 0.153846153846 0.026113996791 0.196538461539 0.0381337381876 0.753846153846 0.174267318293
10 0.278076923077 0.0331057784691 0.306153846154 0.0552646872496 0.41 0.0473808949587 0.786538461539 0.138022828487
15 0.418269230769 0.0525838088451 0.472115384615 0.0957432842517 0.635 0.0757864750388 0.907692307692 0.0700712063867
20 0.577307692308 0.0685166949811 0.679230769231 0.128729908894 0.870384615385 0.0706370338861 0.907692307692 0.0700712063867
25 0.702884615385 0.0796998476162 0.786153846154 0.100808145627 0.970384615384 0.031698311978 0.913461538462 0.0664176537806
30 0.814615384615 0.0776831054718 0.816346153846 0.0804132501445 1.0 0.0 0.925961538462 0.0641904537225
35 0.915192307692 0.0502890820082 0.935192307692 0.0501918049489 1.0 0.0 0.976923076923 0.0429096753272
40 0.986923076923 0.0165228219433 0.986923076923 0.0165228219433 1.0 0.0 1.0 0.0
45 1.0 0.0 1.0 0.0 1.0 0.0 1.0 0.0
50 1.0 0.0 1.0 0.0 1.0 0.0 1.0 0.0
55 1.0 0.0 1.0 0.0 1.0 0.0 1.0 0.0
60 1.0 0.0 1.0 0.0 1.0 0.0 1.0 0.0
65 1.0 0.0 1.0 0.0 1.0 0.0 1.0 0.0
70 1.0 0.0 1.0 0.0 1.0 0.0 1.0 0.0
75 1.0 0.0 1.0 0.0 1.0 0.0 1.0 0.0
80 1.0 0.0 1.0 0.0 1.0 0.0 1.0 0.0
85 1.0 0.0 1.0 0.0 1.0 0.0 1.0 0.0
90 1.0 0.0 1.0 0.0 1.0 0.0 1.0 0.0
95 1.0 0.0 1.0 0.0 1.0 0.0 1.0 0.0
100 1.0 0.0 1.0 0.0 1.0 0.0 1.0 0.0
