5 27.9705042062 0.526184595852 27.9705042062 0.526184595852 27.5171675967 0.543863198223 27.9705042062 0.526184595852
10 55.3765605063 1.01891471054 55.3709419165 1.01765122077 53.2607969306 0.934615177504 55.3765605063 1.01891471054
15 82.7730458736 1.53571569265 82.3329598863 1.41142079314 80.0338312384 1.60630664538 82.7730458736 1.53571569265
20 109.977604324 2.07136864936 105.781807763 1.49343670978 108.090073036 2.05391605804 109.971323865 2.0676064057
25 136.815100747 2.5380285143 120.235283361 1.18775148901 134.79553941 2.48632060862 136.724853916 2.51658657204
30 162.385210943 2.87283370003 126.230461924 0.662319001808 158.968863342 2.61212895214 161.479498099 2.76787551976
35 183.782285979 2.79386316724 128.046171228 0.363675181888 177.946146519 2.50915915466 181.493790243 2.59063188974
40 198.196258774 2.14703296661 128.537271666 0.2964356355 191.124481477 1.79252514625 194.191036553 2.10459676868
45 205.857913475 1.51646356425 128.684505264 0.257905879507 198.782701967 1.31401927369 201.097279774 1.39937980271
50 209.206173466 1.06927808147 128.745170458 0.233296670263 202.944643041 0.997147201606 204.763880625 0.901579439055
55 210.391861849 0.76890790444 128.794755742 0.208726499468 205.316566076 0.812236225106 207.209671307 0.919894748159
60 210.814209565 0.622691374499 128.840639011 0.186141216474 206.402259584 0.721582604819 208.543554992 0.678781526528
65 210.975762492 0.581050734875 128.878316993 0.168189257622 207.680101703 0.529806322906 209.699600272 0.658818257433
70 211.078271403 0.557430184458 128.905234569 0.151249586952 208.314708158 0.606288749667 210.207531066 0.618816678068
75 211.156721382 0.534489252882 128.926353319 0.136688902077 208.876990674 0.51348667511 210.594183685 0.626516158747
80 211.22135488 0.51235073595 128.941710336 0.128479122179 208.484672395 1.44152630051 210.843066901 0.529183729904
85 211.278563761 0.493305641599 128.95182529 0.125623849396 209.455058238 0.573405960574 211.056968356 0.499143433368
90 211.324972205 0.47286491164 128.960486201 0.1236459164 209.806146052 0.583371933062 211.123832807 0.470089818006
95 211.365971207 0.45030377924 128.967941548 0.122353758077 210.015179744 0.537999511348 211.246986281 0.450280197728
100 211.404892637 0.429573986881 128.974360432 0.122477175099 210.137827461 0.537123944271 211.283919195 0.445055201082
