5 6.90101 0.0 6.90101 0.28168 6.7873 0.26837 6.90101 0.28168 7.02467 0.0 7.02467 0.40335 6.91854 0.40365 7.02467 0.40335 7.05009 0.0 7.05009 0.30917 6.93155 0.31758 7.05009 0.30917 6.99474 0.0 6.99474 0.30831 6.87978 0.29743 6.99474 0.30831
10 13.64317 0.0 13.64235 0.58104 13.11116 0.55194 13.64317 0.58087 13.90702 0.0 13.90516 0.78929 13.34694 0.77386 13.90702 0.78948 13.97056 0.0 13.96907 0.58695 13.44181 0.5368 13.97056 0.58776 13.85581 0.0 13.85436 0.60553 13.36089 0.58086 13.85581 0.60556
15 20.36125 0.0 20.24198 0.84628 19.7171 0.85307 20.36125 0.86901 20.77681 0.0 20.66683 1.14924 20.07301 1.13483 20.77681 1.17569 20.92072 0.0 20.81119 0.84334 20.19803 0.87739 20.92072 0.87012 20.71427 0.0 20.61296 0.88694 20.04569 0.81011 20.71427 0.89386
20 27.05054 0.0 25.95855 1.08458 26.59415 1.1454 27.04611 1.14827 27.57981 0.0 26.54527 1.39619 27.10726 1.51934 27.57561 1.56719 27.83785 0.0 26.78277 1.01585 27.3527 1.13801 27.83403 1.14901 27.50941 0.0 26.49522 1.18308 27.03595 1.19557 27.51557 1.18373
25 33.69773 0.0 29.45761 1.1937 33.15868 1.42041 33.62384 1.41345 34.34425 0.0 30.13876 1.52232 33.78783 1.91157 34.28004 1.94254 34.69867 0.0 30.49389 1.06097 34.13603 1.3693 34.63706 1.41562 34.07446 0.0 30.14503 1.41843 33.713 1.53681 34.18392 1.50581
30 40.30296 0.0 30.82712 1.14949 38.98756 1.64697 39.67777 1.6515 41.06111 0.0 31.65072 1.52871 39.87883 2.17977 40.46456 2.23021 41.41578 0.0 32.11059 1.08709 40.32592 1.55796 40.98873 1.61651 39.60536 0.0 31.64203 1.54918 39.77655 1.87755 40.34844 1.85815
35 46.86901 0.0 31.24419 1.1151 43.62135 1.85402 44.4592 1.80867 47.70928 0.0 32.05857 1.5209 44.61407 2.43619 45.50966 2.45737 47.61439 0.0 32.65636 1.10587 45.20233 1.61966 46.07622 1.72546 41.58962 0.0 32.08706 1.57824 44.5084 2.0036 45.4487 2.10793
40 53.3961 0.0 31.38666 1.08813 46.72745 1.89643 47.49387 1.95659 54.27604 0.0 32.10472 1.49265 47.98033 2.34171 48.76477 2.50082 52.35532 0.0 32.80499 1.10137 48.58138 1.69575 49.45084 1.74298 38.16881 0.0 32.24091 1.5931 47.83533 2.35913 48.48156 2.28762
45 59.89058 0.0 31.4804 1.06345 48.59961 1.88906 48.988 1.99823 60.6428 0.0 32.07948 1.47928 49.87062 2.43507 50.44318 2.55704 55.26353 0.0 32.81482 1.0858 50.45858 1.62975 51.49538 1.87652 30.061 0.0 32.30981 1.61252 49.85389 2.48603 50.17073 2.48686
50 66.35523 0.0 31.55072 1.0498 49.62282 1.76735 50.38423 1.91938 66.68203 0.0 32.03845 1.46588 50.86479 2.48897 50.84165 2.32754 55.48295 0.0 32.80582 1.07889 51.57362 1.72257 52.1052 1.93556 20.68596 0.0 32.35018 1.63175 50.88341 2.5234 51.4328 2.38096
55 72.71811 0.0 31.59888 1.04643 50.18464 1.86086 50.95773 1.78257 72.23758 0.0 32.01368 1.46011 51.35423 2.4856 51.53904 2.42479 52.76223 0.0 32.7949 1.06955 52.24181 1.74634 52.58727 1.93119 12.67395 0.0 32.38729 1.64912 51.53589 2.51076 52.12563 2.45288
60 79.05388 0.0 31.64019 1.04365 50.44414 1.80893 50.55261 1.78184 77.10798 0.0 31.99146 1.45184 51.4692 2.43282 52.16737 2.61034 47.57848 0.0 32.78842 1.06066 52.67797 1.68993 53.54227 1.63725 7.07387 0.0 32.42058 1.665 51.81095 2.5858 52.2813 2.49419
65 85.31638 0.0 31.69148 1.04201 50.79933 1.7527 50.83402 1.85145 81.1663 0.0 31.97112 1.44262 51.69927 2.42642 52.4596 2.59472 40.42672 0.0 32.77409 1.05551 52.92177 1.69016 53.66025 1.61635 4.06636 0.0 32.44163 1.6861 52.25973 2.53849 52.74573 2.21991
70 91.53977 0.0 31.73784 1.04246 50.94102 1.7152 51.79896 2.08506 84.08725 0.0 31.95075 1.42901 51.77096 2.43618 52.04171 2.89407 32.85228 0.0 32.75477 1.05779 53.12414 1.69692 53.17496 1.7088 2.59896 0.0 32.46187 1.70165 52.47858 2.58773 53.19191 2.6906
75 97.70311 0.0 31.78454 1.04883 51.03464 1.72146 51.94139 2.32191 85.69947 0.0 31.92358 1.41017 51.96667 2.46731 52.43196 2.31576 25.8777 0.0 32.73683 1.06261 53.25252 1.72467 53.15195 2.08023 1.87644 0.0 32.48141 1.71431 52.62316 2.55917 53.06889 2.73425
80 103.69086 0.0 31.82534 1.05777 51.04663 1.82458 51.66245 2.20233 86.47386 0.0 31.89136 1.38912 51.72563 2.28185 51.87527 2.99675 19.47545 0.0 32.73006 1.06547 53.08318 1.61912 53.84121 1.63166 1.58119 0.0 32.49495 1.71942 52.62923 2.68774 53.46414 2.21184
85 109.53246 0.0 31.85042 1.06834 51.32644 1.73781 50.90794 1.77337 85.95371 0.0 31.86452 1.37165 51.9504 2.39714 52.03891 2.92415 14.34341 0.0 32.72719 1.07115 53.36609 1.73185 54.21844 1.88871 1.44898 0.0 32.5097 1.72123 52.81212 2.54634 53.89168 2.42289
90 115.41042 0.0 31.86079 1.07596 51.4915 1.7172 51.72174 2.12718 84.11783 0.0 31.85181 1.35519 51.95824 2.37319 52.50362 2.61895 10.40653 0.0 32.72044 1.08175 53.44687 1.72619 53.92516 2.02012 1.39019 0.0 32.52745 1.72364 52.90953 2.57939 52.97332 2.82695
95 121.04029 0.0 31.86082 1.07953 51.51169 1.7066 51.41343 2.1151 81.23169 0.0 31.84393 1.33963 51.98461 2.35709 52.38064 2.34775 7.74758 0.0 32.71791 1.09158 53.50312 1.73219 54.03744 1.92375 1.34642 0.0 32.54528 1.72731 53.01576 2.58694 53.41549 2.48062
100 126.58262 0.0 31.85238 1.0867 51.61569 1.73452 52.1329 1.9582 77.62548 0.0 31.84051 1.32762 51.94293 2.31797 51.50391 2.49591 5.89287 0.0 32.72023 1.10208 53.5649 1.72409 54.63971 2.18223 1.30392 0.0 32.56124 1.73035 53.01431 2.5601 53.0074 2.52895
