5 0.0 0.0319483166209 0.0 0.026113996791 0.0 0.0381337381876 0.4 0.174267318293
10 0.0 0.0331057784691 0.0 0.0552646872496 0.0 0.0473808949587 0.4 0.138022828487
15 0.0 0.0525838088451 0.0 0.0957432842517 0.0 0.0757864750388 0.4 0.0700712063867
20 0.0 0.0685166949811 0.6 0.128729908894 2.5 0.0706370338861 0.4 0.0700712063867
25 0.0 0.0796998476162 1.2 0.100808145627 6.4 0.031698311978 0.6 0.0664176537806
30 0.5 0.0776831054718 1.6 0.0804132501445 11.7 0.0 3.1 0.0641904537225
35 1.8 0.0502890820082 5.7 0.0501918049489 20.7 0.0 4.2 0.0429096753272
40 4.6 0.0165228219433 11.9 0.0165228219433 26.5 0.0 8.6 0.0
45 10.1 0.0 21.0 0.0 30.0 0.0 17.8 0.0
50 14.7 0.0 26.3 0.0 33.0 0.0 21.1 0.0
55 18.5 0.0 32.5 0.0 35.9 0.0 30.3 0.0
60 24.6 0.0 38.1 0.0 39.3 0.0 35.7 0.0
65 30.8 0.0 45.4 0.0 42.5 0.0 40.9 0.0
70 34.7 0.0 52.1 0.0 46.2 0.0 46.0 0.0
75 42.7 0.0 55.8 0.0 49.6 0.0 51.9 0.0
80 47.2 0.0 59.5 0.0 52.9 0.0 57.5 0.0
85 51.6 0.0 63.7 0.0 56.0 0.0 62.1 0.0
90 56.4 0.0 65.1 0.0 90.0 0.0 66.0 0.0
95 62.5 0.0 69.7 0.0 95.0 0.0 74.9 0.0
100 66.5 0.0 71.8 0.0 100.0 0.0 81.5 0.0
