5 0.0 0.0 0.0 0.0 0.0 0.0 0.3 0.28403 0.0 0.0 0.0 0.0 0.0 0.0 0.0 0.0 0.0 0.0 0.0 0.0 0.0 0.0 0.0 0.0 0.0 0.0 0.0 0.0 0.0 0.0 0.1 0.18594
10 0.0 0.0 0.0 0.0 0.0 0.0 0.3 0.28403 0.0 0.0 0.0 0.0 0.0 0.0 0.0 0.0 0.0 0.0 0.0 0.0 0.0 0.0 0.0 0.0 0.0 0.0 0.0 0.0 0.0 0.0 0.1 0.18594
15 0.0 0.0 0.0 0.0 0.0 0.0 0.3 0.28403 0.0 0.0 0.0 0.0 0.0 0.0 0.0 0.0 0.0 0.0 0.0 0.0 0.0 0.0 0.0 0.0 0.0 0.0 0.0 0.0 0.0 0.0 0.1 0.18594
20 0.0 0.0 0.2 0.37188 0.4 0.49585 0.3 0.28403 0.0 0.0 0.2 0.37188 0.8 1.0297 0.0 0.0 0.0 0.0 0.2 0.37188 0.6 0.79374 0.0 0.0 0.0 0.0 0.0 0.0 0.7 0.87873 0.1 0.18594
25 0.0 0.0 0.4 0.41113 1.7 1.14455 0.4 0.41113 0.0 0.0 0.4 0.56806 1.4 1.00707 0.0 0.0 0.0 0.0 0.3 0.39687 1.4 0.92764 0.1 0.18594 0.0 0.0 0.1 0.18594 1.9 1.19061 0.1 0.18594
30 0.0 0.0 0.6 0.79374 3.0 1.10874 0.7 0.6229 0.0 0.0 0.5 0.74635 3.4 1.04452 0.7 0.6229 0.0 0.0 0.3 0.55783 2.3 1.14455 0.7 1.11047 0.5 0.0 0.2 0.24792 3.0 1.35793 1.0 1.14287
35 0.0 0.0 1.2 0.95216 5.1 1.65036 1.0 0.73336 0.0 0.0 1.3 1.00133 6.0 1.59231 0.9 0.75657 0.0 0.0 1.8 1.72658 4.5 1.75855 1.2 1.83446 1.8 0.0 1.4 1.3351 5.1 1.60313 1.1 1.12423
40 0.0 0.0 3.3 1.54455 6.4 1.80064 1.7 0.92141 0.0 0.0 3.0 1.20823 7.6 1.4188 2.1 1.15789 0.6 0.0 2.8 1.89624 5.8 1.48754 2.3 2.18344 4.0 0.0 2.8 1.43496 6.7 1.56922 2.5 1.62219
45 0.0 0.0 4.8 1.72658 7.1 1.94919 4.1 1.22245 0.0 0.0 6.1 1.15789 8.8 1.51314 5.2 1.2334 1.5 0.0 4.5 1.7143 6.6 1.88405 4.0 2.33561 8.6 0.0 5.6 1.4188 7.5 1.52452 4.5 1.30748
50 0.0 0.0 6.5 2.07889 8.1 2.04536 5.1 1.39835 0.0 0.0 7.2 1.65849 9.3 1.66427 5.9 1.52955 3.2 0.0 6.0 1.70869 7.4 1.77918 4.7 2.43309 11.5 0.0 6.6 1.49783 8.2 1.65849 5.4 1.52326
55 0.0 0.0 7.6 2.43545 8.7 2.26971 6.9 1.80597 0.0 0.0 9.3 1.88099 9.7 1.51947 8.0 1.35793 5.0 0.0 7.4 2.04066 8.3 1.9013 7.4 2.4037 13.5 0.0 8.2 1.72658 9.2 1.93634 8.0 1.9204
60 0.0 0.0 9.2 2.33232 9.4 2.20358 8.1 1.92938 0.6 0.0 10.3 2.13001 10.6 1.59713 9.7 1.41473 8.7 0.0 8.1 2.35934 8.9 2.08259 8.2 2.34873 15.3 0.0 10.5 2.32324 10.4 2.22095 9.7 2.33643
65 0.0 0.0 10.4 2.41963 10.1 2.22527 9.3 2.26971 2.2 0.0 12.3 2.18344 11.3 1.79744 11.1 1.84802 12.1 0.0 10.7 1.81869 10.0 1.85942 9.6 2.20358 16.5 0.0 12.0 2.71586 11.1 2.42359 10.9 2.37557
70 0.0 0.0 12.6 2.4668 11.0 2.11098 10.8 2.12549 2.5 0.0 13.9 2.08259 12.2 1.83446 12.2 2.01413 14.8 0.0 12.6 1.77918 11.2 1.91639 11.1 2.19047 17.4 0.0 13.0 2.51002 11.8 2.4449 11.9 2.30997
75 0.0 0.0 13.4 2.49775 11.8 2.10734 12.0 1.9204 7.2 0.0 14.9 2.15511 13.4 2.16844 14.2 2.47612 16.9 0.0 13.6 1.90433 12.0 1.87997 12.3 2.16578 18.6 0.0 13.9 2.67954 12.4 2.5735 13.4 2.70452
80 0.0 0.0 14.0 2.352 12.4 1.94426 13.2 1.65849 8.4 0.0 15.7 2.35282 13.9 2.27647 15.7 2.28657 18.6 0.0 14.5 1.98435 12.8 1.93634 13.5 2.11553 20.2 0.0 15.3 2.64491 13.8 2.69883 15.1 2.73629
85 0.0 0.0 15.0 2.30248 13.2 1.97562 14.6 1.94426 9.7 0.0 17.1 2.70806 14.8 2.46056 16.9 2.47069 20.4 0.0 15.4 1.84282 13.5 1.94524 14.5 2.06033 21.5 0.0 16.2 2.46056 14.5 2.51385 16.1 2.54725
90 0.0 0.0 15.7 2.0566 22.5 2.0227 15.5 1.88507 12.0 0.0 16.9 2.84639 23.1 2.35934 17.8 2.85111 21.2 0.0 15.5 1.90534 21.2 2.31579 14.9 2.29328 23.2 0.0 17.0 2.4323 23.2 3.14578 17.8 2.47612
95 0.0 0.0 17.0 1.90029 23.5 2.0227 18.2 2.28237 15.9 0.0 18.3 2.71656 24.9 2.343 20.4 3.19907 22.3 0.0 16.4 1.66773 22.3 2.20097 16.9 2.13721 24.3 0.0 18.0 2.8538 24.3 3.48472 19.4 2.7468
100 0.0 0.0 17.6 2.09638 24.9 2.08259 20.0 2.46368 17.8 0.0 18.9 2.5921 26.4 2.23818 22.2 2.53742 23.2 0.0 17.3 1.75417 23.2 2.08903 18.4 2.0594 25.5 0.0 18.0 2.52528 25.5 3.39765 20.9 2.83286
