5 0.0387056260235 0.0186117027319 0.0380995694055 0.0183910609065 0.0656905547377 0.0310221962937 0.195575096494 0.074099999395
10 0.0341547715881 0.0143776124197 0.0377607072363 0.0173871876938 0.0817382954996 0.022453059266 0.22591008977 0.0347913222761
15 0.0473329568625 0.0242129905565 0.043609722939 0.0229032113382 0.11396617532 0.0272650628689 0.151408386364 0.0287680462368
20 0.0384781896686 0.0163249681963 0.0354797301121 0.017070460553 0.144558020742 0.0323018141757 0.0702886826566 0.0466107572807
25 0.025309681369 0.00663121893196 0.0287664920893 0.00945002913335 0.135049427376 0.0299966987809 0.0468398415755 0.0377134683772
30 0.0240149848 0.00862554547936 0.0419053826717 0.0229936279512 0.151111738794 0.031847482739 0.0116224395234 0.0172103969148
35 0.0221620346591 0.0115968901429 0.0383476623479 0.0272481488325 0.170047878938 0.0374648459458 4.90076153257e-17 3.80120232318e-17
40 0.0226036054962 0.00675680318983 0.0451196182732 0.0389180126698 0.162030849117 0.0396520767263 1.08718908763e-16 4.16336702558e-17
45 0.0183850327601 0.00711703944768 0.0527763780096 0.038734251397 0.161985369531 0.0392108234494 1.28347087761e-16 2.31881746689e-17
50 0.0145676471158 0.00648658506598 0.0597878800045 0.0525363651066 0.165974680498 0.0341004915241 1.42155104354e-16 2.28770011377e-17
55 0.0117940839907 0.00752201482386 0.0613901968753 0.0577205955884 0.153703756322 0.0418839633317 1.56191635832e-16 2.12957635629e-17
60 0.0074211701628 0.00676265708784 0.0271874860854 0.0192988794296 0.135587799983 0.0436872726141 1.34968194948e-16 1.49354393352e-17
65 0.00116689215832 0.0021697417584 0.0111994235991 0.0145425428601 0.11836071963 0.0448160889213 1.59743240837e-16 3.47309266791e-17
70 0.000674347599917 0.00125389491804 0.0301267260645 0.0454952214173 0.108315907702 0.0478049755563 1.43807823179e-16 3.90586903767e-17
75 0.00183873038538 0.00341897070021 0.00975021049736 0.0136447383923 0.0767090332432 0.0445316784461 1.26442246196e-16 4.36797606009e-17
80 0.0 0.0 0.00656920979366 0.0117448040838 0.0684124883565 0.0402353508967 1.73304181297e-16 3.69493998204e-17
85 0.0 0.0 6.27307266118e-17 2.92548089931e-17 0.0505179163939 0.0319696181036 1.56489314591e-16 4.28753284876e-17
90 0.0 0.0 0.000231310204002 0.000430102649322 0.0300245784728 0.0263325685227 1.78520861552e-16 5.60904088006e-17
95 0.0 0.0 9.8882492719e-17 3.12876677834e-17 0.0215766887641 0.0183140352155 2.49117486289e-16 6.21270384149e-17
100 0.0 0.0 1.23128238674e-16 3.73765015992e-17 0.0105986335474 0.0113189307948 2.73015914132e-16 4.99913078841e-17
