5 0.137767094017 0.0521856725834 0.137767094017 0.0521856725834 0.169615384615 0.0727175299811 0.59217948718 0.168352392141
10 0.202777777778 0.0491102146413 0.210096153846 0.0518777785108 0.250865384615 0.061267508134 0.833311965812 0.104510888195
15 0.323643162393 0.063833953691 0.303365384615 0.0483632843458 0.384444444445 0.0639447007119 0.859700854701 0.108451815047
20 0.409134615385 0.0557756793314 0.392788461539 0.0522682879108 0.503087606837 0.076001498421 0.955128205128 0.0556520253809
25 0.457457264957 0.0474972359478 0.460876068376 0.0518101030636 0.550395299145 0.0664261767733 1.0 0.0
30 0.553846153846 0.0505751298525 0.577788461539 0.0646376198952 0.655181623932 0.0848752439892 1.0 0.0
35 0.646741452992 0.0678044626639 0.659155982906 0.0745289898815 0.777382478633 0.0752147740645 1.0 0.0
40 0.742585470086 0.0844670130838 0.756057692308 0.096205695375 0.833066239316 0.0859843260814 1.0 0.0
45 0.79936965812 0.0753226328814 0.820053418803 0.0744600623098 0.888376068376 0.0636378774891 1.0 0.0
50 0.860021367521 0.0694252841333 0.877681623932 0.0717303741513 0.936848290598 0.0479101450895 1.0 0.0
55 0.950128205128 0.042677175992 0.961004273504 0.0426198895474 0.96813034188 0.0346373348103 1.0 0.0
60 0.977617521368 0.0340477295222 0.979583333333 0.0320770947594 0.978547008547 0.0327422564511 1.0 0.0
65 0.986217948718 0.0256266116538 0.990202991453 0.0182167464236 0.984305555556 0.0291825523405 1.0 0.0
70 0.994230769231 0.0107274188317 0.998707264957 0.00240373644188 0.995918803419 0.00758865554398 1.0 0.0
75 1.0 0.0 1.0 0.0 0.995918803419 0.00758865554398 1.0 0.0
80 1.0 0.0 1.0 0.0 1.0 0.0 1.0 0.0
85 1.0 0.0 1.0 0.0 1.0 0.0 1.0 0.0
90 1.0 0.0 1.0 0.0 1.0 0.0 1.0 0.0
95 1.0 0.0 1.0 0.0 1.0 0.0 1.0 0.0
100 1.0 0.0 1.0 0.0 1.0 0.0 1.0 0.0
