5 0.152435897436 0.0400427407931 0.12188034188 0.0269536492326 0.186848290598 0.0548504780681 0.462051282051 0.173215992326
10 0.278344017094 0.0748004130174 0.294284188034 0.0775465804213 0.331485042735 0.0957849658657 0.686057692308 0.179334932786
15 0.383237179487 0.0778889605776 0.406367521368 0.0829506710541 0.389081196581 0.0874828857016 0.855288461539 0.130041534245
20 0.476762820513 0.0853964009436 0.47795940171 0.0789002302504 0.527863247863 0.0942905079586 0.95625 0.0478056466633
25 0.537553418803 0.0632954640155 0.577061965812 0.0907077644229 0.613557692308 0.0901616719008 0.980769230769 0.0357580627727
30 0.654391025641 0.0690583627152 0.708579059829 0.0885022002466 0.718269230769 0.0931620556687 0.980769230769 0.0357580627727
35 0.737446581197 0.0670515341882 0.816282051282 0.0685299220189 0.818995726496 0.0777331175429 1.0 0.0
40 0.803525641026 0.068039664943 0.880811965812 0.0655736843998 0.896314102564 0.0577455066411 1.0 0.0
45 0.8925 0.0498689087221 0.946987179487 0.0518225258776 0.934615384615 0.0460358025867 1.0 0.0
50 0.953867521368 0.0385568860446 0.979711538461 0.0251743436996 0.972051282051 0.0265518758244 1.0 0.0
55 0.981495726496 0.0339680400553 1.0 0.0 0.98655982906 0.0127396392897 1.0 0.0
60 0.982564102564 0.0324206435806 0.99155982906 0.0156938164392 0.996420940171 0.00665497279388 1.0 0.0
65 0.998034188034 0.00365526863896 0.999604700855 0.000735026845884 1.0 0.0 1.0 0.0
70 1.0 0.0 1.0 0.0 1.0 0.0 1.0 0.0
75 1.0 0.0 1.0 0.0 1.0 0.0 1.0 0.0
80 1.0 0.0 1.0 0.0 1.0 0.0 1.0 0.0
85 1.0 0.0 1.0 0.0 1.0 0.0 1.0 0.0
90 1.0 0.0 1.0 0.0 1.0 0.0 1.0 0.0
95 1.0 0.0 1.0 0.0 1.0 0.0 1.0 0.0
100 1.0 0.0 1.0 0.0 1.0 0.0 1.0 0.0
