5 0.0529190598057 0.0188412186225 0.0327399565162 0.0134393147379 0.0764906488331 0.0245272467857 0.167412785563 0.0706988738076
10 0.0688126202694 0.0303879945776 0.0703708823248 0.0342770448816 0.117368947985 0.046184578056 0.170654300652 0.0607920334153
15 0.078707173629 0.0303146359307 0.0796751516892 0.0307174558359 0.120105966726 0.0461475107352 0.140046264815 0.0525627565244
20 0.063637124743 0.0234184115872 0.0710048337438 0.0213342386867 0.153363555259 0.0500457943614 0.0790744636072 0.0466403002924
25 0.0500514734814 0.0200509119346 0.0804187737785 0.0344067161443 0.162698278311 0.0454207578021 0.0504143120523 0.0311656829775
30 0.0618899719853 0.0166108226081 0.120005003108 0.0461552312231 0.191046050262 0.0465690779671 0.00736866639853 0.00924075712878
35 0.0493995288259 0.0154745874311 0.115420973455 0.0461887449093 0.205814209769 0.0468152054872 0.00670095986404 0.0124598938597
40 0.0473285039608 0.0171615660578 0.123057773709 0.0505812107902 0.225958630877 0.0385093123967 8.88178419703e-17 4.12874015905e-17
45 0.0453023868237 0.019084860932 0.104852510098 0.0472889753121 0.221444964789 0.0441279840088 1.20219691144e-16 3.28179052333e-17
50 0.0254423108231 0.0143409676736 0.100756975565 0.0414815306909 0.205338606215 0.0413705091652 1.44092611894e-16 2.07045346204e-17
55 0.0115738094306 0.00745107899573 0.0875379217168 0.0472243177899 0.191983906489 0.0387090013876 1.44092611894e-16 2.07045346204e-17
60 0.00479038090614 0.00615136923936 0.0586781588753 0.0357604764259 0.18938682942 0.0358948013116 1.52304913817e-16 2.09909294908e-17
65 0.00142961682799 0.00265825707036 0.0501669088484 0.0463058855113 0.167690538798 0.0381441575161 1.46457076409e-16 3.33435074814e-17
70 0.0 0.0 0.0318282840707 0.0351815437433 0.140854303879 0.0513865816357 1.3580304445e-16 2.46929240074e-17
75 0.0 0.0 0.0173020032594 0.0224988226553 0.116016620403 0.0428669360694 1.72072667897e-16 4.05836635617e-17
80 0.0 0.0 0.0185048163202 0.0344082119459 0.0845201120936 0.0467433495183 9.90595451217e-17 5.56441079812e-17
85 0.0 0.0 0.00907460796687 0.0168735008685 0.0799818017449 0.0460253629347 2.38603924119e-16 5.88392153133e-17
90 0.0 0.0 1.76712603435e-16 4.82441150561e-17 0.0650692009359 0.0397724739011 2.04957099004e-16 6.67853346832e-17
95 0.0 0.0 0.0185048163202 0.0344082119459 0.041370780742 0.0375365079879 2.31394836484e-16 4.64689403261e-17
100 0.0 0.0 0.000601406530406 0.00111826688824 0.0267718430112 0.0342785834513 2.27316342938e-16 5.99027462914e-17
