5 0.0 0.0 0.0 0.0 0.0 0.0 -0.35 0.6508 0.0 0.0 0.0 0.0 0.0 0.0 0.0 0.0 0.0 0.0 0.0 0.0 0.0 0.0 0.0 0.0 0.0 0.0 0.0 0.0 0.0 0.0 0.0 0.0
10 0.0 0.0 0.0 0.0 0.0 0.0 -0.8778 1.11569 0.0 0.0 0.0 0.0 0.0 0.0 0.0 0.0 0.0 0.0 0.0 0.0 0.0 0.0 -0.0867 0.16121 0.0 0.0 0.0 0.0 0.0 0.0 0.0 0.0
15 0.0 0.0 0.0 0.0 0.0 0.0 -3.5425 2.70487 0.0 0.0 0.0 0.0 0.0 0.0 -0.378 0.54078 0.0 0.0 0.0 0.0 0.0 0.0 -0.3228 0.34085 0.0 0.0 0.0 0.0 0.0 0.0 0.0 0.0
20 0.0 0.0 0.0 0.0 0.0 0.0 -5.9296 3.4473 0.0 0.0 0.0 0.0 0.0 0.0 -1.0067 1.26236 0.0 0.0 0.0 0.0 0.0 0.0 -0.6624 0.70574 0.0 0.0 0.0 0.0 0.0 0.0 0.0 0.0
25 0.0 0.0 0.0 0.0 0.0 0.0 -10.9522 7.31638 0.0 0.0 0.0 0.0 0.0 0.0 -2.236 1.7192 0.0 0.0 0.0 0.0 0.0 0.0 -3.1948 2.28266 0.0 0.0 0.0 0.0 0.0 0.0 -0.0754 0.1402
30 0.0 0.0 0.0 0.0 0.0 0.0 -16.4578 9.73296 0.0 0.0 0.0 0.0 0.0 0.0 -4.7648 2.9632 0.0 0.0 0.0 0.0 0.0 0.0 -6.2461 3.36738 0.0 0.0 0.0 0.0 0.0 0.0 -0.2025 0.18233
35 0.0 0.0 0.0 0.0 0.0 0.0 -27.3889 11.60491 0.0 0.0 0.0 0.0 0.0 0.0 -8.5363 4.09273 0.0 0.0 0.0 0.0 0.0 0.0 -9.2244 3.97443 0.0 0.0 0.0 0.0 0.0 0.0 -0.4118 0.26695
40 0.0 0.0 -0.2292 0.42618 -0.6413 0.93893 -39.5235 14.48928 0.0 0.0 -0.4379 0.81424 -0.2478 0.46076 -11.9761 4.36913 0.0 0.0 -0.1306 0.24284 -0.1861 0.34604 -11.6152 4.15955 0.0 0.0 0.0 0.0 0.0 0.0 -0.75 0.35453
45 0.0 0.0 -3.4405 6.07121 -1.0652 1.38464 -44.8547 15.56249 0.0 0.0 -0.8112 1.42547 -0.2478 0.46076 -15.9324 4.38182 0.0 0.0 -0.4229 0.78635 -0.2018 0.37523 -15.3719 3.73964 -0.07917 0.0 -0.0194 0.03607 0.0 0.0 -1.2761 0.52688
50 0.0 0.0 -3.3739 5.02369 -3.3836 3.74413 -51.4628 15.76456 0.0 0.0 -0.3175 0.44022 -0.2653 0.4933 -19.6254 4.46382 -0.21667 0.0 -0.2608 0.36331 -0.9286 1.15972 -20.5286 5.01126 -1.38333 0.0 0.0 0.0 0.0 0.0 -1.7793 0.79258
55 0.0 0.0 -9.5167 8.67216 -6.7802 5.74713 -64.8897 15.90477 0.0 0.0 -1.0503 1.55645 -0.3953 0.60606 -24.4401 3.30689 -2.11528 0.0 -0.8941 1.01305 -1.4158 1.36978 -24.4822 5.69582 -4.57139 0.0 -0.0563 0.10469 0.0 0.0 -2.0417 0.84221
60 0.0 0.0 -16.3889 10.00877 -10.1526 7.11943 -73.4858 19.04987 -0.40139 0.0 -1.2777 0.96027 -0.6932 0.75514 -29.3392 3.83804 -13.81406 0.0 -1.3298 1.25259 -2.2625 1.83624 -28.4517 5.83548 -7.78755 0.0 -0.0008 0.00149 0.0 0.0 -2.4168 0.78081
65 0.0 0.0 -22.7018 13.15305 -15.9331 8.52433 -81.5798 19.91495 -2.85972 0.0 -2.7754 1.9893 -1.3828 0.89251 -34.094 4.22437 -24.22564 0.0 -2.7651 2.54264 -2.969 2.04101 -32.7685 6.87342 -13.63355 0.0 -0.0561 0.10431 0.0 0.0 -2.8717 0.78684
70 -0.04444 0.0 -37.5912 15.77969 -23.0069 11.66377 -92.1297 20.50671 -4.50683 0.0 -6.3051 4.23248 -2.6753 1.43457 -39.7078 3.80004 -36.6985 0.0 -5.3199 3.30272 -4.3863 2.58383 -36.7185 7.02473 -22.45447 0.0 -0.0707 0.11552 -0.0361 0.06713 -3.737 1.12752
75 -0.04444 0.0 -50.0091 14.89219 -36.3283 12.65948 -105.4951 19.47309 -10.68695 0.0 -8.6062 3.87822 -3.9513 1.94758 -44.0533 4.0988 -55.04384 0.0 -9.2565 3.58426 -6.0662 2.56791 -40.2794 7.3203 -26.95056 0.0 -0.1434 0.13694 -0.0731 0.13592 -4.4742 1.55751
80 -0.04444 0.0 -63.3382 17.25713 -45.5405 14.57642 -112.3226 20.19446 -15.38655 0.0 -13.5994 3.96707 -5.2637 2.25482 -49.2454 4.50644 -68.19725 0.0 -14.32 5.81958 -8.898 2.83371 -46.2089 8.77325 -30.96069 0.0 -0.1726 0.20129 -0.1149 0.18742 -5.6742 1.89776
85 -1.66551 0.0 -80.1387 19.70384 -58.8056 15.25494 -126.6864 22.74404 -27.36141 0.0 -15.108 4.67209 -7.7993 3.3976 -54.8448 4.73651 -83.8072 0.0 -16.6207 5.4356 -10.8656 3.07538 -50.5215 8.23096 -34.475 0.0 -0.355 0.37031 -0.1408 0.21404 -6.5911 2.17521
90 -2.14884 0.0 -96.1503 19.97785 -71.1001 16.83098 -141.2199 22.94474 -39.85369 0.0 -18.6794 4.96263 -9.5716 3.76741 -59.0461 5.71889 -90.63438 0.0 -21.0933 6.84563 -13.3833 3.60769 -55.5121 8.07101 -36.45 0.0 -0.4076 0.27838 -0.1628 0.24006 -7.2311 2.36408
95 -3.43704 0.0 -109.0703 21.60565 -85.4598 18.5388 -154.2461 22.1468 -52.5512 0.0 -21.2913 5.85439 -11.5704 3.94044 -64.7542 5.54939 -100.13345 0.0 -23.079 5.92326 -16.425 4.42462 -61.126 8.34792 -38.7 0.0 -0.5747 0.50182 -0.1865 0.26355 -7.9332 2.57791
100 -5.55046 0.0 -122.7623 20.68014 -97.6062 18.80906 -166.4023 21.38285 -58.29921 0.0 -26.549 7.59429 -14.5187 4.81867 -72.2272 5.3369 -108.15946 0.0 -26.0209 5.98838 -18.7416 4.49149 -66.1485 8.53016 -40.65 0.0 -0.5939 0.45934 -0.1993 0.27707 -8.6453 2.62775
