5 0.0 0.0 0.0 0.0 0.0 0.0 -0.35 0.650796742463
10 0.0 0.0 0.0 0.0 0.0 0.0 -0.9645 1.10103112087
15 0.0 0.0 0.0 0.0 0.0 0.0 -4.2433 2.91939490018
20 0.0 0.0 0.0 0.0 0.0 0.0 -7.5987 4.12756406096
25 0.0 0.0 0.0 0.0 0.0 0.0 -16.4584 9.19483747051
30 0.0 0.0 0.0 0.0 0.0 0.0 -27.6712 12.3904279469
35 0.0 0.0 0.0 0.0 0.0 0.0 -45.5614 14.0638122011
40 0.0 0.0 -0.7977 1.48325874704 -1.0752 1.3956834192 -63.8648 15.583142396
45 -0.0791666666667 0.147204025081 -4.694 8.31816585311 -1.5148 1.81488474799 -77.4351 14.9036340812
50 -1.6 2.97507082269 -3.9522 5.82235606611 -4.5775 4.52468556228 -93.3961 15.4393193786
55 -6.68666666667 6.06504447223 -11.5174 11.1658857099 -8.5913 6.60437829043 -115.8537 16.0176167656
60 -22.0030031966 18.7391375777 -18.9972 10.99980934 -13.1083 7.88313109651 -133.6935 18.3779862313
65 -40.7189065256 24.5248665633 -28.2984 14.8365774117 -20.2849 9.78260559756 -151.314 19.813010411
70 -63.7042450797 25.4877205412 -49.2869 20.5868732824 -30.1046 13.9573761549 -172.293 19.9624392832
75 -92.7257895172 29.4663623658 -68.0152 18.2768124797 -46.4189 15.709750567 -194.302 20.9068247758
80 -114.588929123 30.0330097399 -91.4302 22.9410393497 -59.8171 18.065562842 -213.4511 22.7432273422
85 -147.309118166 35.1461973607 -112.2224 25.1575799553 -77.6113 19.6018746485 -238.6438 24.7956166743
90 -169.086910273 35.4716268359 -136.3306 24.4049785699 -94.2178 22.3113212374 -263.0092 24.9735015163
95 -194.821684955 39.3307917428 -154.0153 25.0790790175 -113.6417 24.5043014148 -288.0595 23.8074492827
100 -212.659125331 41.9734785015 -175.9261 27.4251498713 -131.0658 25.573042155 -313.4233 23.900401673
